,Text in Loaisel_Ainsi,Text in B,Location in Loaisel_Ainsi,Location in B
Arnaud_Epoux_0,"es années; je les comparois à CE QUE JE VENAIS DE VOIR, ET ces idées m'oppressaient. Mad",que je m'interrogeai sur tout CE QUE JE VENAIS DE VOIR ET d'entendre. Mademoiselle * n',"(87895, 87923)","(89968, 89995)"
Arnaud_Sentiment_0,"er l'aimable espérance qui se FAIT ENTENDRE AU FOND DE MON CŒUR, et de regarder comme un don ","une amitié qui s'est toujours FAIT ENTENDRE AU FOND DE MON CŒUR. 
Elles se renouvellent leurs","(12784, 12817)","(724147, 724180)"
Beckford_Vathek_0,"et escalier? Ah! Me dit-elle, JE VOIS BIEN QUE VOUS N'ÊTES PAS au fait; il n'y a que lui qui",erçu le calife qu'il dit: ah! JE VOIS BIEN QUE VOUS N'ÊTES PAS brûlé; je m'en doutais.-Que n,"(226681, 226713)","(55576, 55608)"
Benoist_Elisabeth_0,"rapidement et successivement, ONT PÉNÉTRÉ JUSQU'AU FOND DE MON CŒUR. Je me suis approché tout ému","lus tendres que l'amour même, ONT PÉNÉTRÉ JUSQU'AU FOND DE MON CŒUR, l'ont rendu si sensible, que","(126445, 126482)","(267193, 267230)"
Benoist_Elisabeth_1,"s une sorte de langueur, dont IL N'EST PAS EN MON POUVOIR DE la faire sortir. Au commencem","e j'ai su inspirer à Luzan. S'IL N'EST PAS EN MON POUVOIR DE rendre son amour éternel, au ","(145110, 145140)","(267193, 267230)"
bible_0," que l'on offre avec avarice, LES METS DE SA TABLE, LES FRUITS de son jardin, le vin de ses ","ison
qu’il avait bâtie,

4 et LES METS DE SA TABLE, LES LOGEMENTS de ses serviteurs, l’ordre de","(82273, 82305)","(1795934, 1795969)"
bible_1,"s les cieux; je suis plus roi QUE TOUS LES ROIS DE LA TERRE, puisque je règne sur le cœur","le roi Salomon fut plus grand QUE TOUS LES ROIS DE LA TERRE,
tant en richesses qu’en sage","(130501, 130530)","(1795934, 1795969)"
Constant_Laure2_0,"uloureux m'a coupé la parole; DES LARMES SONT TOMBÉES DE MES YEUX, et c'était pour moi une sort","ain ordinaire des choses; alorS DES LARMES SONT TOMBÉES DE MES YEux: mon père, je n'exige rien,","(192673, 192708)","(77327, 77362)"
Crebillon_Conte_0,"s les airs, au fond des eaux, SUR LA TERRE ET DANS LES CIEUX, tout est amour, affinité, at"," figure a toujours tout gâté: SUR LA TERRE, ET DANS LES CIEUX, par-tout enfin, où j'ai été ","(39753, 39783)","(525728, 525759)"
Crebillon_Nuit_0,"t paru une chimère; auprès de VOUS IL EST IMPOSSIBLE DE NE PAS croire à sa réalité. 
LETTRE ","assurément très fâchée contre VOUS, IL M'EST IMPOSSIBLE DE NE PAS rire de la singularité de ce ","(22822, 22854)","(55484, 55519)"
Dorat_Malheurs_0," votre foi qui m'appartenait, TOUT CE QUI FUT, TOUT CE QUI me semblait devoir être toujo","ié, honneur, préjugé, gloire, TOUT CE QUI ME FUT, TOUT CE QUI devait m'être sacré! Hélas! T","(188970, 188998)","(198320, 198351)"
Dorat_Malheurs_1,"servent la raison, la science DU BEAU, DU BON, DE L'HONNÊTE ET du vrai; si tu n'en peux fair","sensation douce et délicieuse DU BEAU, DU BON, DE L'HONNÊTE, ET n'ont plus d'organes pour sen","(354936, 354968)","(198320, 198351)"
Florian_Galatee_0,"ille; les métaux se cherchent DANS LES ENTRAILLES DE LA TERRE, ET se joignent après une marche ","vu: il cacha ce funeste métal DANS LES ENTRAILLES DE LA TERRE; ET, non content de combler le pr","(39970, 40005)","(85730, 85765)"
Fourqueux_Zely_0,", et en sommes revenus le 26. IL SEMBLE QUE LE CIEL AIT VOULU nous punir d'avoir été cherch"," dans d'autres climats, “mais IL SEMBLE QUE LE CIEL AIT VOULU “punir sa perfidie. Son vaiss","(113326, 113357)","(77431, 77462)"
Genlis_Adele_0,"a maison; j'ai beau voir dans TOUT CE QUI M'ENTOURE, TOUT CE QUI t'appartient, tout ce qui t'e","r d'oiseaux, car je désir que TOUT CE QUI M'ENTOURE, TOUT CE QUI m'approche, soit heureux... A","(244700, 244734)","(101573, 101607)"
Genlis_Adele_1,"rais moins malheureux. 
P S. 
JE VIENS DE RECEVOIR UNE LETTRE DE Madame De V; je vous quitte p"," conter ses rêves à l'avenir. JE VIENS DE RECEVOIR UNE LETTRE DE MadameD'Ostalis, qui ne me pa","(256296, 256330)","(101573, 101607)"
Gerard_Comte_0,"e la vie sociale, qui étouffe LA VOIX DE LA CONSCIENCE ET LE CRI DE l'humanité; tout vous permet ","aison même; elles le sont par LA VOIX DE LA CONSCIENCE ET LE CRI DE la nature. Oui, tous les homm","(6276, 6313)","(932093, 932130)"
Jacquin_Parisiennes_0,"ussi couru que vous le dites, JE ME DONNERAI BIEN DE GARDE DE FAIRE un larcin qui m'attirerait ta","e pour me remettre chez moi. 
JE ME DONNERAI BIEN DE GARDE DE FAIRE usage des offres de service q","(152805, 152842)","(159107, 159144)"
Laclos_Liaisons_0,"e m'envoyer des consolations? IL N'EN EST PAS AINSI DE VOTRE amant, qui voudrait que toute","blic dont je fais peu de cas, IL N'EN EST PAS AINSI DE VOTRE estime ; et quand je consacre","(295775, 295805)","(140547, 140577)"
Laclos_Liaisons_1,"eraient trop vivement,tout ce QUE JE FAIS, TOUT CE QUE JE pense, je vous le dis, mon ch","e ça. Enfin, il est bien vrai QUE JE FAIS TOUT CE QUE JE peux, et que je voudrais pouv","(309034, 309061)","(140547, 140577)"
Lagrave_Sophie_0,e d'entrer dans la confidence DE TOUTES LES GRÂCES ET DE TOUS les charmes de votre esprit; ,t de ne pas profaner cet assemBLAGE PARFAIT DE TOUTES LES GRÂCEs et de toutes les vertus ....,"(22093, 22124)","(127855, 127888)"
Lagrave_Zabeth_0,"e et de courage ne peut durer PLUS LONG-TEMPS; ELLE TOMBE ÉVANOUIE DANS un sillon, et reste trois heu","it jours, ne {??}put résister PLUS LONG-TEMPS; ELLE TOMBA {??}ÉVANOUIE DANS les bras de sa femme-de-chamb","(117766, 117807)","(202192, 202237)"
Leonard_Lettres_0,"ompâtir aux faiblesses, et de FAIRE LE BONHEUR DE TOUT CE QUI vous entoure. Cette folie là,","me un Être angélique, né pour FAIRE LE BONHEUR DE TOUT CE QUI l'environne: je crois que vou","(3772, 3803)","(27890, 27921)"
Lesuire_Aventurier_0,"e, sont venus s'en emparer. "" EST-CE UN SONGE, ME DISAIS-JE? EST-il concevable, imaginable que","obile, recueilli en moimême. „EST-CE UN SONGE, ME DISAIS-JE? 
“EST-ce une réalité?“ 
Je rouvris ","(191267, 191301)","(599615, 599651)"
Loaisel_Comtesse_0,"ture, qui se manifeste encore PAR LE SON DE VOIX LE PLUS flatteur, par l'accent même d","rs. Mais tranquillisé bientôt PAR LE SON DE VOIX LE PLUS doux, et en s'apercevant qu'e","(10803, 10829)","(54201, 54227)"
Loaisel_Lucile_0,"ture, qui se manifeste encore PAR LE SON DE VOIX LE PLUS flatteur, par l'accent même d","teurs. Mais tranquilisé bientôT PAR LE SON DE VOIX 
LE PLus doux, et en s'apercevant qu","(10803, 10829)","(53181, 53208)"
Louvet_Annee_0,"e pour regagner mon quartier. RENTRÉ CHEZ MOI, JE ME MIS AU LIT. Madame De V sut que j'étais ","re tranquille. Dès que je fus RENTRÉ CHEZ MOI, JE ME MIS AU LIT et m'endormis profondément. I","(362959, 362992)","(54126, 54159)"
Louvet_Fin_0, des sensations si agréables. CE NE FUT PAS SANS PEINE QU'ON le décida à recevoir un bande, trouvait un escalier dérobé. CE NE FUT PAS SANS PEINE QU'ON m'arracha de l'appartement de,"(140342, 140372)","(11539, 11569)"
Louvet_Fin_1," interrompre. Lorsqu'elle eut TOUT À FAIT REPRIS L'USAGE DE SES SENS, elle me dit avec douceur, et",ésence l'étonne. Enfin elle a TOUT À FAIT REPRIS L'USAGE DE SES SENS; un dernier examen plus rapid,"(228034, 228072)","(11539, 11569)"
Marmontel_Contes_0,"ture, qui se manifeste encore PAR LE SON DE VOIX LE PLUS FLATTEUR, par l'accent même de la sens"," il les rendait intéressantes PAR LE SON DE VOIX LE PLUS FLATTEUR, et le plus beau regard du mo","(10803, 10838)","(636385, 636420)"
Mercier_Jezennemours_0,'écoule dans les alternatives DE LA JOIE ET DE LA DOULEUR: je ne suis plus heureux que ,"ement les plus vives émotions DE LA JOIE ET DE LA DOULEUR, Monval, qui cherchait à se d","(183848, 183875)","(3394, 3421)"
Montesquieu_Arsace_0,"ité me conduit dans ce palais OÙ RÈGNE LA TRISTESSE ET LA MAGNIFICENCE, OÙ TOUT SE MEUT AVEC LE MAÎTRE ET TOUT S'ENDORT AVEC LUI, je pense à l'étrange folie d","ont à peine entendus; ce lieu OÙ RÈGNENT LA TRISTESSE ET LA MAGNIFICENCE, OÙ TOUT CE QUI EST INANIMÉ EST RIANT, ET TOUT CE QUI A DE LA VIE EST SOMBRE, OÙ TOUT SE MEUT AVEC LE MAÎTRE, ET TOUT S'ENGOURDIT AVEC LUI. Je fus présenté le même jour","(50649, 50747)","(8451, 8632)"
Montesquieu_Arsace_1,"n ne trouve pas quelquefois l'IDÉE D'UN RIVAL, ET LORSQU'ON Y JOUIT DE CE QU'ON AIME, PLUS ON AIME, plus on est alarmé. Ici je n","délices, on trouve toujours l'IDÉE D'UNE RIVALE; ET LORSQU'ON Y JOUIT DE CE QU'ON AIME, PLUS ON AIME, et plus on est alarmé. Mais ","(71485, 71553)","(8451, 8632)"
Montesquieu_Arsace_2, aucune défiance; le cœur est ASSURÉ DU CŒUR. IL SEMBLE QU'UN TEL AMOUR ait une sorte d'influence cha,ucune défiance; le cœur était ASSURÉ DU CŒUR. IL SEMBLE QU'UN TEL AMOUR donne un air riant à tout ce ,"(71616, 71657)","(8451, 8632)"
Montesquieu_Arsace_3,"rte d'influence charmante sur TOUT CE QUI NOUS ENTOURE, ET QUE PARCE QU'UN OBJET NOUS PLAÎT, IL ORDONNE À TOUTE LA NATURE DE NOUS PLAIRE; IL SEMBLE QU'UN TEL AMOUR SOIT CETTE ENFANCE AIMABLE DEVANT QUI TOUT SE JOUE, ET QUI SOURIT TOUJOURS. Nous faisons souvent d'assez","el amour donne un air riant à TOUT CE QUI NOUS ENTOURE; ET QUE, PARCE QU'UN OBJET NOUS PLAÎT, IL ORDONNE À TOUTE LA NATURE DE NOUS PLAIRE; IL SEMBLE QU'UN TEL AMOUR SOIT CETTE ENFANCE AIMABLE, DEVANT QUI TOUT SE JOUE, ET QUI SOURIT TOUJOURS. Je sens une espèce de douceu","(71698, 71906)","(8451, 8632)"
Montesquieu_Arsace_4,"bscurité d'un bosquet touffu, ET JE LA RETROUVE AUX ACCENT DE SA VOIX CHARMANTE: ELLE SE PARE DES FLEURS QUE JE CUEILLE; JE ME PARE DE CELLES qu'elle a cueillies. L'aspect","rdais Ardasire dans les bois, ET JE LA RETROUVOIS AUX ACCENTS DE SA VOIX CHARMANTE. ELLE SE PARAIT DES FLEURS QUE JE CUEILLOIS; JE ME PAROIS DE CELLES qu'elle avait cueillies. Le c","(72097, 72208)","(8451, 8632)"
Montesquieu_Arsace_5,"uceur par-tout répandue, sont DES TÉMOIGNAGES CONTINUELS DE NOTRE BONHEUR. TANTÔT EUGÉNIE EST UNE BERGÈRE QUI, SANS PARURE ET SANS ORNEMENT, SE MONTRE À MOI AVEC SA NAÏVETÉ NATURELLE; TANTÔT JE la vois telle qu'elle était, ","eur partout répandue, étaient DES TÉMOIGNAGES CONTINUELS DE NOTRE BONHEUR. TANTÔT ARDASIRE ÉTAIT UNE BERGÈRE QUI, SANS PARURE ET SANS ORNEMENTS, SE MONTRAIT À MOI AVEC SA NAÏVETÉ NATURELLE; TANTÔT JE la voyais telle qu'elle était","(72551, 72714)","(8451, 8632)"
Montesquieu_Arsace_6,"et sans ornement, se montre à MOI AVEC SA NAÏVETÉ NATURELLE; TANTÔT JE LA VOIS TELLE QU'ELLE était, lorsqu'elle m'enchanta","sans ornements, se montrait à MOI AVEC SA NAÏVETÉ NATURELLE; TANTÔT JE LA VOYAIS TELLE QU'ELLE était lorsque j'étais enchant","(72674, 72736)","(8451, 8632)"
Montesquieu_Arsace_7,"e me témoigne leur maîtresse. TOUTE LA MAISON GOÛTE UNE JOIE NAÏVE. NOUS DESCENDONS AVEC PLAISIR À L'ÉGALITÉ DE LA NATURE; NOUS SOMMES HEUREUX, ET nous voulons vivre avec des g","mployaient la pourpre de Tyr. TOUTE LA MAISON GOÛTAT UNE JOIE NAÏVE. NOUS DESCENDIONS AVEC PLAISIR À L'ÉGALITÉ DE LA NATURE; NOUS ÉTIONS HEUREUX, ET nous voulions vivre avec des ","(75584, 75700)","(8451, 8632)"
Montesquieu_Arsace_8,"mmes heureux, et nous voulons VIVRE AVEC DES GENS QUI LE SAIENT. LE BONHEUR FAUX REND LES HOMMES DURS ET SUPERBES, ET CE BONHEUR NE SE COMMUNIQUE POINT; LE VRAI BONHEUR LES REND DOUX ET SENSIBLES, ET CE BONHEUR SE PARTAGE TOUJOURS. Sans doute que l'effet natur","ons heureux, et nous voulions VIVRE AVEC DES GENS QUI LE FUSSENT. LE BONHEUR FAUX REND LES HOMMES DURS ET SUPERBES, ET CE BONHEUR NE SE COMMUNIQUE POINT. LE VRAI BONHEUR LES REND DOUX ET SENSIBLES, ET CE BONHEUR SE PARTAGE TOUJOURS. Je me souviens qu'Ardasire f","(75714, 75914)","(8451, 8632)"
Montesquieu_Arsace_9," bonheur se partage toujours. SANS DOUTE QUE L'EFFET NATUREL DE L'AMOUR EST DE RENDRE HEUREUX CEUX QUI S'AIMENT; MAIS CETTE BIENVEILLANCE GÉNÉRALE QUE NOUS TROUVONS DANS ceux qui nous entourent, peut"," aimions, Ardasire et moi; et SANS DOUTE QUE L'EFFET NATUREL DE L'AMOUR EST DE RENDRE HEUREUX CEUX QUI S'AIMENT. MAIS CETTE BIENVEILLANCE GÉNÉRALE QUE NOUS TROUVONS DANS tous ceux qui sont autour de ","(75916, 76055)","(8451, 8632)"
Montesquieu_Arsace_10,e et la paix; nous compterons NOS ANNÉES PAR LE RENOUVELLEMENT DES FLEURS ET DES FRUITS; NOUS PERDRONS NOS ANNÉES DANS LA RAPIDITÉ D'UNE VIE HEUREUSE. Je verrai tous les jours Eug, la paix. Nous aurions compté NOS ANNÉES PAR LE RENOUVELLEMENT DES FLEURS ET DES FRUITS; NOUS AURIONS PERDU NOS ANNÉES DANS LA RAPIDITÉ D'UNE VIE HEUREUSE. J'aurois vu tous les jours A,"(98638, 98757)","(8451, 8632)"
Nerciat_Aphrodites_0,instant après sur le point de SE TROUVER MAL DE SURPRISE ET DE joie. L'opérateur était devan,n. C'est moi... = Il a failli SE TROUVER MAL DE SURPRISE ET DE bonheur: car à peine avait-il,"(136783, 136815)","(180485, 180517)"
Nerciat_Aphrodites_1,"in. Le jeune homme le regarda DE LA TÊTE AUX PIEDS, AVEC UNE attention qui frappa tout le ","pêcher d'examiner le porteur, DE LA TÊTE AUX PIEDS AVEC UNE excessive attention: il fait ","(136908, 136938)","(180485, 180517)"
Prevost_Manon_0,"paré de toi? Hélas! Je naquis POUR LES COURTES JOIES ET LES LONGUES DOULEURS. L'abandon, tous les maux son",à l'infamie ; mais j'étais né POUR LES COURTES JOIES ET LES LONGUES DOULEURS. La fortune ne me délivra d'u,"(244479, 244525)","(111158, 111204)"
Retif_Paysanne_0,"d'écouter l'aimable espérance QUI SE FAIT ENTENDRE AU FOND DE mon cœur, et de regarder comm",", qui est Dieu ; et cette voix, QUI SE FAIT ENTENDRE AU FOND de notre cœur, et qu'on nomme ","(12777, 12808)","(845551, 845582)"
Reveroni_Pauliska_0,"urage de prendre un parti; et JE NE PUIS ARRACHER DE MON CŒUR CETTE image cruelle, qui le déchire","malheur me suit, s'écriait-il JE NE PUIS ARRACHER DE MON CŒUR DÉCHIRÉ l'image de ma fille où traîne","(337556, 337593)","(235489, 235528)"
Riccoboni_MylordRivers_0,"usage, si une seule affection DE TON CŒUR EST PLUS FORTE QUE tout cet appareil moral, que ","ans lady Mary, si le penchant DE TON CŒUR EST PLUS FORT QUE ta raison, j'aurois tort de l","(355030, 355060)","(5604, 5633)"
Rousseau_Emile_0,"ifs et semblables à la brute, QUI NE SONGE QU'À SE NOURRIR. AH! C'EST PAR L'AMOUR QUE L'HOMME EST LE ROI DE LA TERRE; il est le signe de sa supéri","int se faire entendre à celui QUI NE SONGE QU'À SE NOURRIR. POUR GARANTIR LE JEUNE INFORTUNÉ DE CETTE MORT MORALE DONT IL ÉTAIT SI PRÈS, IL COMMENÇA PAR RÉVEILLER EN LUI L'AMOUR-PROPRE ETAMP; L'ESTIME DE SOI-MÊME: IL LUI MONTRAIT UN AVENIR PLUS HEUREUX DANS LE BON EMPLOI DE SES TALENTS; IL RANIMAIT DANS SON CŒUR UNE ARDEUR GÉNÉREUSE PAR LE RÉCIT DES BELLES ACTIONS D'AUTRUI; EN LUI FAISANT ADMIRER CEUX QUI LES AVAIENT FAITES, IL LUI RENDAIT LE DÉSIR D'EN FAIRE DE SEMBLABLES. POUR LE DÉTACHER INSENSIBLEMENT DE SA VIE OISIVE ETAMP; VAGABONDE, IL LUI FAISAIT FAIRE DES EXTRAITS DE LIVRES CHOISIS; ETAMP;, FEIGNANT D'AVOIR BESOIN DE CES EXTRAITS, IL NOURRISSAIT EN LUI LE NOBLE SENTIMENT DE LA RECONNAISSANCE. IL L'INSTRUISAIT INDIRECTEMENT PAR CES LIVRES; IL LUI FAISAIT REPRENDRE ASSEZ BONNE OPINION DE LUI-MÊME POUR NE PAS SE CROIRE UN ÊTRE INUTILE À TOUT BIEN, ETAMP; POUR NE VOULOIR PLUS SE RENDRE MÉPRISABLE À SES PROPRES YEUX. 
«UNE BAGATELLE FERA JUGER DE L'ART QU'EMPLOYAIT CET HOMME BIENFAISANT POUR ÉLEVER INSENSIBLEMENT LE CŒUR DE SON DISCIPLE AU-DESSUS DE LA BASSESSE, SANS PARAÎTRE SONGER À SON INSTRUCTION. L'ECCLÉSIASTIQUE AVAIT UNE PROBITÉ SI BIEN RECONNUE ETAMP; UN DISCERNEMENT SI SÛR, QUE PLUSIEURS PERSONNES AIMAIENT MIEUX FAIRE PASSER LEURS AUMÔNES PAR SES MAINS QUE PAR CELLES DES RICHES CURÉS DES VILLES. UN JOUR QU'ON LUI AVAIT DONNÉ QUELQUE ARGENT À DISTRIBUER AUX PAUVRES, LE JEUNE HOMME EUT, À CE TITRE, LA LÂCHETÉ DE LUI EN DEMANDER. NON, DIT-IL, NOUS SOMMES FRÈRES, VOUS M'APPARTENEZ, ETAMP; JE NE DOIS PAS TOUCHER À CE DÉPÔT POUR MON USAGE. ENSUITE IL LUI DONNA DE SON PROPRE ARGENT AUTANT QU'IL EN AVAIT DEMANDÉ. DES LEÇONS DE CETTE ESPÈCE SONT RAREMENT PERDUES DANS LE CŒUR DES JEUNES GENS QUI NE SONT PAS TOUT À FAIT CORROMPUS. 
«JE ME LASSE DE PARLER EN TIERCE PERSONNE; ETAMP; C'EST UN SOIN FORT SUPERFLU; CAR VOUS SENTEZ BIEN, CHER CONCITOYEN, QUE CE MALHEUREUX FUGITIF C'EST MOI-MÊME: JE ME CROIS ASSEZ LOIN DES DÉSORDRES DE MA JEUNESSE POUR OSER LES AVOUER, ETAMP; LA MAIN QUI M'EN TIRA MÉRITE BIEN QU'AUX DÉPENS D'UN PEU DE HONTE JE RENDE AU MOINS QUELQUE HONNEUR À SES BIENFAITS. 
«CE QUI ME FRAPPAIT LE PLUS ÉTAIT DE VOIR, DANS LA VIE PRIVÉE DE MON DIGNE MAÎTRE, LA VERTU SANS HYPOCRISIE, L'HUMANITÉ SANS FAIBLESSE, DES DISCOURS TOUJOURS DROITS ET SIMPLES, ETAMP; UNE CONDUITE TOUJOURS CONFORME À CES DISCOURS. JE NE LE VOYAIS POINT S'INQUIÉTER SI CEUX QU'IL AIDAIT ALLAIENT À VÊPRES, S'ILS SE CONFESSAIENT SOUVENT, S'ILS JEÛNAIENT LES JOURS PRESCRITS, S'ILS FAISAIENT MAIGRE, NI LEUR IMPOSER D'AUTRES CONDITIONS SEMBLABLES, SANS LESQUELLES, DÛT-ON MOURIR DE MISÈRE, ON N'A NULLE ASSISTANCE À ESPÉRER DES DÉVOTS. 
«ENCOURAGÉ PAR SES OBSERVATIONS, LOIN D'ÉTALER MOI-MÊME À SES YEUX LE ZÈLE AFFECTÉ D'UN NOUVEAU CONVERTI, JE NE LUI CACHOIS POINT TROP MES MANIÈRES DE PENSER, ETAMP; NE L'EN VOYAIS PAS PLUS SCANDALISÉ. QUELQUEFOIS J'AUROIS PU ME DIRE: IL ME PASSE MON INDIFFÉRENCE POUR LE CULTE QUE J'AI EMBRASSÉ EN FAVEUR DE CELLE QU'IL ME VOIT AUSSI POUR LE CULTE DANS LEQUEL JE SUIS NÉ; IL SAIT QUE MON DÉDAIN N'EST PLUS UNE AFFAIRE DE PARTI. MAIS QUE DEVAIS-JE PENSER QUAND JE L'ENTENDAIS QUELQUEFOIS APPROUVER DES DOGMES CONTRAIRES À CEUX DE L'ÉGLISE ROMAINE, ET PARAÎTRE ESTIMER MÉDIOCREMENT TOUTES SES CÉRÉMONIES? JE L'AURAIS CRU PROTESTANT DÉGUISÉ SI JE L'AVAIS VU MOINS FIDÈLE À CES MÊMES USAGES DONT IL SEMBLAIT FAIRE ASSEZ PEU DE CAS; MAIS, SACHANT QU'IL S'ACQUITTAIT SANS TÉMOIN DE SES DEVOIRS DE PRÊTRE AUSSI PONCTUELLEMENT QUE SOUS LES YEUX DU PUBLIC, JE NE SAVAIS PLUS QUE JUGER DE CES CONTRADICTIONS. AU DÉFAUT PRÈS QUI JADIS AVAIT ATTIRÉ SA DISGRÂCE ETAMP; DONT IL N'ÉTAIT PAS TROP BIEN CORRIGÉ, SA VIE ÉTAIT EXEMPLAIRE, SES MŒURS ÉTAIENT IRRÉPROCHABLES, SES DISCOURS HONNÊTES ETAMP; JUDICIEUX. EN VIVANT AVEC LUI DANS LA PLUS GRANDE INTIMITÉ, L'APPRENAIS À LE RESPECTER CHAQUE JOUR DAVANTAGE; ETAMP; TANT DE BONTÉS M'AYANT TOUT À FAIT GAGNÉ LE CŒUR, J'ATTENDAIS AVEC UNE CURIEUSE INQUIÉTUDE LE MOMENT D'APPRENDRE SUR QUEL PRINCIPE IL FONDAIT L'UNIFORMITÉ D'UNE VIE AUSSI SINGULIÈRE. 
«CE MOMENT NE VINT PAS SITÔT. AVANT DE S'OUVRIR À SON DISCIPLE, IL S'EFFORÇA DE FAITE GERMER LES SEMENCES DE RAISON ETAMP; DE BONTÉ QU'IL JETAIT DANS SON ÂME. CE QU'IL Y AVAIT EN MOI DE PLUS DIFFICILE À DÉTRUIRE ÉTAIT UNE ORGUEILLEUSE MISANTHROPIE, UNE CERTAINE AIGREUR CONTRE LES RICHES ETAMP; LES HEUREUX DU MONDE, COMME S'ILS L'EUSSENT ÉTÉ À MES DÉPENS, ETAMP; QUE LEUR PRÉTENDU BONHEUR EÛT ÉTÉ USURPÉ SUR LE MIEN. LA FOLLE VANITÉ DE LA JEUNESSE, QUI REGIMBE CONTRE L'HUMILIATION, NE ME DONNAIT QUE TROP DE PENCHANT À CETTE HUMEUR COLÈRE, ETAMP; L'AMOUR-PROPRE, QUE MON MENTOR TACHAIT DE RÉVEILLER EN MOI, ME PORTANT À LA FIERTÉ, RENDAIT LES HOMMES ENCORE PLUS VILS À MES YEUX, ETAMP; NE FAISAIT QU'AJOUTER POUR EUX LE MÉPRIS À LA HAINE. 
«SANS COMBATTRE DIRECTEMENT CET ORGUEIL, IL L'EMPÊCHA DE SE TOURNER EN DURETÉ D'ÂME; ET SANS M'ÔTER L'ESTIME DE MOI-MÊME, IL LA RENDIT MOINS DÉDAIGNEUSE POUR MON PROCHAIN. EN ÉCARTANT TOUJOURS LA VAINE APPARENCE ETAMP; ME MONTRANT LES MAUX RÉELS QU'ELLE COUVRE, IL M'APPRENAIT À DÉPLORER LES ERREURS DE MES SEMBLABLES, À M'ATTENDRIR SUR LEURS MISÈRES, ETAMP; À LES PLAINDRE PLUS QU'À LES ENVIER. ÉMU DE COMPASSION SUR LES FAIBLESSES HUMAINES PAR LE PROFOND SENTIMENT DES SIENNES, IL VOYAIT PARTOUT LES HOMMES VICTIMES DE LEURS PROPRES VICES ETAMP; DE CEUX D'AUTRUI; IL VOYAIT LES PAUVRES GÉMIR SOUS LE JOUG DES RICHES, ETAMP; LES RICHES SOUS LE JOUG DES PRÉJUGÉS. CROYEZ-MOI, DISAIT-IL, NOS ILLUSIONS, LOIN DE NOUS CACHER NOS MAUX, LES AUGMENTENT, EN DONNANT UN PRIX À CE QUI N'EN A POINT, ETAMP; NOUS RENDANT SENSIBLES À MILLE FAUSSES PRIVATIONS QUE NOUS NE SENTIRIONS PAS SANS ELLES. LA PAIX DE L'ÂME CONSISTE DANS LE MÉPRIS DE TOUT CE QUI PEUT LA TROUBLER: L'HOMME QUI FAIT LE PLUS CAS DE LA VIE EST CELUI QUI SAIT LE MOINS EN JOUIR, ETAMP; CELUI QUI ASPIRE LE PLUS AVIDEMENT AU BONHEUR EST TOUJOURS LE PLUS MISÉRABLE. 
«AH QUELS TRISTES TABLEAUX M'ÉCRIAIS-JE AVEC AMERTUME S'IL FAUT SE REFUSER À TOUT, QUE NOUS A DONC SERVI DE NAÎTRE? ETAMP; S'IL FAUT MÉPRISER LE BONHEUR MÊME, QUI EST-CE QUI SAIT ÊTRE HEUREUX? C'EST MOI, RÉPONDIT UN JOUR LE PRÊTRE D'UN TON DONT JE FUS FRAPPÉ. HEUREUX, VOUS SI PEU FORTUNÉ, SI PAUVRE, EXILE, PERSÉCUTÉ, VOUS ÊTES HEUREUX ETAMP; QU'AVEZ-VOUS FAIT POUR L'ÊTRE? MON ENFANT, REPRIT-IL, JE VOUS LE DIRAI VOLONTIERS. 
«LÀ-DESSUS IL ME FIT ENTENDRE QU'APRÈS AVOIR REÇU MES CONFESSIONS IL VOULAIT ME FAIRE LES SIENNES. J'ÉPANCHERAI DANS VOTRE SEIN, ME DIT-IL EN M'EMBRASSANT, TOUS LES SENTIMENTS DE MON COUR. VOUS ME VERREZ, SINON TEL QUE JE SUIS, AU MOINS TEL QUE JE ME VOIS MOI-MÊME. QUAND VOUS AUREZ REÇU MON ENTIÈRE PROFESSION DE FOI, QUAND VOUS CONNAÎTREZ BIEN L'ÉTAT DE MON ÂME, VOUS SAUREZ POURQUOI JE M'ESTIME HEUREUX, ETAMP;, SI VOUS PENSEZ COMME MOI, CE QUE VOUS AVEZ À FAIRE POUR L'ÊTRE. MAIS CES AVEUX NE SONT PAS L'AFFAIRE D'UN MOMENT; IL FAUT DU TEMPS POUR VOUS EXPOSER TOUT CE QUE JE PENSE SUR LE SORT DE L'HOMME ETAMP; SUR LE VRAI PRIX DE LA VIE: PRENONS UNE HEURE, UN LIEU COMMODE POUR NOUS LIVRER PAISIBLEMENT À CET ENTRETIEN. 
«JE MARQUAI DE L'EMPRESSEMENT À L'ENTENDRE. LE RENDEZ-VOUS NE FUT PAS RENVOYÉ PLUS TARD QU'AU LENDEMAIN MATIN. ON ÉTAIT EN ÉTÉ, NOUS NOUS LEVÂMES À LA POINTE DU JOUR. IL ME MENA HORS DE LA VILLE, SUR UNE HAUTE COLLINE, AU-DESSOUS DE LAQUELLE PASSAIT LE PO, DONT ON VOYAIT LE COURS À TRAVERS LES FERTILES RIVES QU'IL BAIGNE; DANS L'ÉLOIGNEMENT, L'IMMENSE CHAÎNE DES ALPES COURONNAIT LE PAYSAGE; LES RAYONS DU SOLEIL LEVANT RASAIENT DÉJÀ LES PLAINES, ETAMP; PROJET TANT SUR LES CHAMPS PAR LONGUES OMBRES LES ARBRES, LES COTEAUX, LES MAISONS, ENRICHISSAIENT DE MILLE ACCIDENTS DE LUMIÈRE LE PLUS BEAU TABLEAU DONT L'ŒIL HUMAIN PUISSE ÊTRE FRAPPÉ. ON EÛT DIT QUE LA NATURE ÉTALAIT À NOS YEUX TOUTE SA MAGNIFICENCE POUR EN OFFRIR LE TEXTE À NOS ENTRETIENS. CE FUT LÀ QU'APRÈS AVOIR QUELQUE TEMPS CONTEMPLÉ CES OBJETS EN SILENCE, L'HOMME DE PAIX ME PARLA AINSI:» PROFESSION DE FOI DU VICAIRE SAVOYARD MON ENFANT, N'ATTENDEZ DE MOI NI DES DISCOURS SAVANTS NI DE PROFONDS RAISONNEMENTS. JE NE SUIS PAS UN GRAND PHILOSOPHE, ETAMP; JE ME SOUCIE PEU DE L'ÊTRE. MAIS J'AI QUELQUEFOIS DU BON SENS, ETAMP; J'AIME TOUJOURS LA VÉRITÉ. JE NE VEUX PAS ARGUMENTER AVEC VOUS, NI MÊME TENTER DE VOUS CONVAINCRE; IL ME SUFFIT DE VOUS EXPOSER CE QUE JE PENSE DANS LA SIMPLICITÉ DE MON CŒUR. CONSULTEZ LE VÔTRE DURANT MON DISCOURS; C'EST TOUT'CE QUE JE VOUS DEMANDE. SI JE ME TROMPE, C'EST DE BONNE FOI; CELA SUFFIT POUR QUE MON ERREUR NE ME SOIT POINT IMPUTÉE À CRIME: QUAND VOUS VOUS TROMPERIEZ DE MÊME, IL Y AURAIT PEU DE MAL À CELA. SI JE PENSE BIEN, LA RAISON NOUS EST COMMUNE, ETAMP; NOUS AVONS LE MÊME INTÉRÊT À L'ÉCOUTER; POURQUOI NE PENSERIEZ-VOUS PAS COMME MOI? 
JE SUIS NÉ PAUVRE ETAMP; PAYSAN, DESTINÉ PAR MON ÉTAT À CULTIVER LA TERRE; MAIS ON CRUT PLUS BEAU QUE J'APPRISSE À GAGNER MON PAIN DANS LE MÉTIER DE PRÊTRE, ETAMP; ON TROUVA LE MOYEN DE ME FAIRE ÉTUDIER. ASSURÉMENT NI MES PARENTS NI MOI NE SONGIONS GUÈRE À CHERCHER EN CELA CE QUI ÉTAIT BON, VÉRITABLE, UTILE, MAIS CE QU'IL FALLAIT SAVOIR POUR ÊTRE ORDONNÉ. J'APPRIS CE QU'ON VOULAIT QUE J'APPRISSE, JE DIS CE QU'ON VOULAIT QUE JE DISSE, JE M'ENGAGEAI COMME ON VOULUT, ETAMP; JE FUS FAIT PRÊTRE. MAIS JE NE TARDAI PAS À SENTIR QU'EN M'OBLIGEANT DE N'ÊTRE PAS HOMME J'AVAIS PROMIS PLUS QUE JE NE POUVAIS TENIR. 
ON NOUS DIT QUE LA CONSCIENCE EST L'OUVRAGE DES PRÉJUGÉS; CEPENDANT, JE SAIS PAR MON EXPÉRIENCE QU'ELLE S'OBSTINE À SUIVRE L'ORDRE DE LA NATURE CONTRE TOUTES LES LOIS DES HOMMES. ON A BEAU NOUS DÉFENDRE CECI OU CELA, LE REMORDS NOUS REPROCHE TOUJOURS FAIBLEMENT CE QUE NOUS PERMET LA NATURE BIEN ORDONNÉE, À PLUS FORTE RAISON CE QU'ELLE NOUS PRESCRIT. O BON JEUNE HOMME, ELLE N'A RIEN DIT ENCORE À VOS SENS: VIVEZ LONGTEMPS DANS L'ÉTAT HEUREUX OÙ SA VOIX EST CELLE DE L'INNOCENCE. SOUVENEZ-VOUS QU'ON L'OFFENSE ENCORE PLUS QUAND ON LA PRÉVIENT QUE QUAND ON LA COMBAT; IL FAUT COMMENCER PAR APPRENDRE À RÉSISTER POUR SAVOIR QUAND ON PEUT CÉDER SANS CRIME. 
DÈS MA JEUNESSE J'AI RESPECTÉ LE MARIAGE COMME LA PREMIÈRE ETAMP; LA PLUS SAINTE INSTITUTION DE LA NATURE. M'ÉTANT ÔTÉ LE DROIT DE M'Y SOUMETTRE, JE RÉSOLUS DE NE LE POINT PROFANER CAR, MALGRÉ MES CLASSES ETAMP; MES ÉTUDES, AYANT TOUJOURS MENÉ UNE VIE UNIFORME ETAMP; SIMPLE, J'AVAIS CONSERVÉ DANS MON ESPRIT TOUTE LA CLARTÉ DES LUMIÈRES PRIMITIVES: LES MAXIMES DU MONDE NE LES AVAIENT POINT OBSCURCIES, ETAMP; MA PAUVRETÉ M'ÉLOIGNAIT DES TENTATIONS QUI DICTENT LES SOPHISMES DU VICE. 
CETTE RÉSOLUTION FUT PRÉCISÉMENT CE QUI ME PERDIT; MON RESPECT POUR LE LIT D'AUTRUI LAISSA MES FAUTES À DÉCOUVERT. IL FALLUT EXPIER LE SCANDALE: ARRÊTÉ, INTERDIT, CHASSÉ, JE FUS BIEN PLUS LA VICTIME DE MES SCRUPULES QUE DE MON INCONTINENCE; ETAMP; J'EUS LIEU DE COMPRENDRE, AUX REPROCHES DONT MA DISGRÂCE FUT ACCOMPAGNÉE, QU'IL NE FAUT SOUVENT QU'AGGRAVER LA FAUTE POUR ÉCHAPPER AU CHÂTIMENT. 
PEU D'EXPÉRIENCES PAREILLES MÈNENT LOIN UN ESPRIT RÉFLÉCHIT. VOYANT PAR DE TRISTES OBSERVATIONS RENVERSER LES IDÉES QUE J'AVAIS DU JUSTE, DE L'HONNÊTE, ETAMP; DE TOUS LES DEVOIRS DE L'HOMME, JE PERDAIS CHAQUE JOUR QUELQU'UNE DES OPINIONS QUE J'AVAIS REÇUES; CELLES QUI ME RESTAIENT NE SUFFISANT PLUS POUR FAIRE ENSEMBLE UN CORPS QUI PÛT SE SOUTENIR PAR LUI-MÊME, JE SENTIS PEU À PEU S'OBSCURCIR DANS MON ESPRIT L'ÉVIDENCE DES PRINCIPES, ETAMP;, RÉDUIT ENFIN À NE SAVOIR PLUS QUE PENSER, JE PARVINS AU MÊME POINT OÙ VOUS ÊTES; AVEC CETTE DIFFÉRENCE, QUE MON INCRÉDULITÉ, FRUIT TARDIF D'UN ÂGE PLUS MUR, S'ÉTAIT FORMÉE AVEC PLUS DE PEINE, ETAMP; DEVAIT ÊTRE PLUS DIFFICILE À DÉTRUIRE. 
J'ÉTAIS DANS CES DISPOSITIONS D'INCERTITUDE ETAMP; DE DOUTE QUE DESCARTES EXIGE POUR LA RECHERCHE DE LA VÉRITÉ. CET ÉTAT EST PEU FAIT POUR DURER, IL EST INQUIÉTANT ETAMP; PÉNIBLE; IL N'Y A QUE L'INTÉRÊT DU VICE OU LA PARESSE DE L'ÂME QUI NOUS Y LAISSE. JE N'AVAIS POINT LE CŒUR ASSEZ CORROMPU POUR M'Y PLAIRE; ETAMP; RIEN NE CONSERVE MIEUX L'HABITUDE DE RÉFLÉCHIR E D'ÊTRE PLUS CONTENT DE SOI QUE DE SA FORTUNE. 
JE MÉDITAIS DONC SUR LE TRISTE SORT DES MORTELS FLOTTANT SUR CETTE MER DES OPINIONS HUMAINES, SANS GOUVERNAIL, SANS BOUSSOLE, ETAMP; LIVRÉS À LEURS PASSIONS ORAGEUSES, SANS AUTRE GUIDE QU'UN PILOTE INEXPÉRIMENTÉ QUI MÉCONNAÎT SA ROUTE, ETAMP; QUI NE SAIT NI D'OÙ IL VIENT NI OÙ IL VA. JE ME DISAIS: J'AIME LA VÉRITÉ, JE LA CHERCHE, ETAMP; NE PUIS LA RECONNAÎTRE; QU'ON ME LA MONTRE ETAMP; J'Y DEMEURE ATTACHÉ: POURQUOI FAUT-IL QU'ELLE SE DÉROBE À L'EMPRESSEMENT D'UN CŒUR FAIT POUR L'ADORER? 
QUOIQUE J'AIE SOUVENT ÉPROUVÉ DE PLUS GRANDS MAUX, JE N'AI JAMAIS MENÉ UNE VIE AUSSI CONSTAMMENT DÉSAGRÉABLE QUE DANS CES TEMPS DE TROUBLE ETAMP; D'ANXIÉTÉS, OÙ, SANS CESSE ERRANT DE DOUTE EN DOUTE, JE NE RAPPORTOIS DE MES LONGUES MÉDITATIONS QU'INCERTITUDE, OBSCURITÉ, CONTRADICTIONS SUR LA CAUSE DE MON ÊTRE ETAMP; SUR LA RÈGLE DE MES DEVOIRS. 
COMMENT PEUT-ON ÊTRE SCEPTIQUE PAR SYSTÈME ETAMP; DE BONNE FOI? JE NE SAURAIS LE COMPRENDRE. CES PHILOSOPHES, OU N'EXISTENT PAS, OU SONT LES PLUS MALHEUREUX DES HOMMES. LE DOUTE SUR LES CHOSES QU'IL NOUS IMPORTE DE CONNAÎTRE EST UN ÉTAT TROP VIOLENT POUR L'ESPRIT HUMAIN: IL N'Y RÉSISTE PAS LONGTEMPS; IL SE DÉCIDE MALGRÉ LUI DE MANIÈRE OU D'AUTRE, ETAMP; IL AIME MIEUX SE TROMPER QUE NE RIEN CROIRE. 
CE QUI REDOUBLAIT MON EMBARRAS, ÉTAIT QU'ÉTANT NÉ DANS UNE ÉGLISE QUI DÉCIDE TOUT, QUI NE PERMET AUCUN DOUTE, UN SEUL POINT REJETÉ, ME FAISAIT REJETER TOUT LE RESTE, ET QUE L'IMPOSSIBILITÉ D'ADMETTRE TANT DE DÉCISIONS ABSURDES ME DÉTACHAIT AUSSI DE CELLES QUI NE L'ÉTAIENT PAS. EN ME DISANT: CROYEZ TOUT, ON M'EMPÊCHAIT DE RIEN CROIRE, ETAMP; JE NE SAVAIS PLUS OÙ M'ARRÊTER. 
JE CONSULTAI LES PHILOSOPHES, JE FEUILLETAI LEURS LIVRES, J'EXAMINAI LEURS DIVERSES OPINIONS; JE LES TROUVAI TOUS FIERS, AFFIRMATIFS, DOGMATIQUES, MÊME DANS LEUR SCEPTICISME PRÉTENDU, N'IGNORANT RIEN, NE PROUVANT RIEN, SE MOQUANT LES UNS DES AUTRES; ETAMP; CE POINT COMMUN À TOUS ME PARUT LE SEUL SUR LEQUEL ILS ONT TOUS RAISON. TRIOMPHANTS QUAND ILS ATTAQUENT, ILS SONT SANS VIGUEUR EN SE DÉFENDANT. SI VOUS PESEZ LES RAISONS, ILS N'EN ONT QUE POUR DÉTRUIRE; SI VOUS COMPTEZ LES VOIES, CHACUN EST RÉDUIT À LA SIENNE; ILS NE S'ACCORDENT QUE POUR DISPUTER; LES ÉCOUTER N'ÉTAIT PAS LE MOYEN DE SORTIR DE MON INCERTITUDE. 
JE CONÇUS QUE L'INSUFFISANCE DE L'ESPRIT HUMAIN EST LA PREMIÈRE CAUSE DE CETTE PRODIGIEUSE DIVERSITÉ DE SENTIMENTS, ETAMP; QUE L'ORGUEIL EST LA SECONDE. NOUS N'AVONS POINT LA MESURE DE CETTE MACHINE IMMENSE, NOUS N'EN POUVONS CALCULER LES RAPPORTS; NOUS N'EN CONNAISSONS NI LES PREMIÈRES LOIS NI LA CAUSE FINALE; NOUS NOUS IGNORONS NOUS-MÊMES; NOUS NE CONNAISSONS NI NOTRE NATURE NI NOTRE PRINCIPE ACTIF; À PEINE SAVONS-NOUS SI L'HOMME EST UN ÊTRE SIMPLE OU COMPOSE: DES MYSTÈRES IMPÉNÉTRABLES NOUS ENVIRONNENT DE TOUTES PARTS; ILS SONT AU-DESSUS DE LA RÉGION SENSIBLE; POUR LES PERCER NOUS CROYONS AVOIR DE L'INTELLIGENCE, ETAMP; NOUS N'AVONS QUE DE L'IMAGINATION. CHACUN SE FRAYE, À TRAVERS CE MONDE IMAGINAIRE, UNE ROUTE QU'IL CROIT LA BONNE; NUL NE PEUT SAVOIR SI LA SIENNE MÈNE AU BUT. CEPENDANT NOUS VOULONS TOUT PÉNÉTRER, TOUT CONNAÎTRE. LA SEULE CHOSE QUE NOUS NE SAVONS POINT, EST D'IGNORER CE QUE NOUS NE POUVONS SAVOIR. NOUS AIMONS MIEUX NOUS DÉTERMINER AU HASARD, ETAMP; CROIRE CE QUI N'EST PAS, QUE D'AVOUER QU'AUCUN DE NOUS NE PEUT VOIR CE QUI EST. PETITE PARTIE D'UN GRAND TOUT DONT LES BORNES NOUS ÉCHAPPENT, ETAMP; QUE SON AUTEUR LIVRE À NOS FOLLES DISPUTES, NOUS SOMMES ASSEZ VAINS POUR VOULOIR DÉCIDER CE QU'EST CE TOUT EN LUI-MÊME, ETAMP; CE QUE NOUS SOMMES PAR RAPPORT À LUI. 
QUAND LES PHILOSOPHES SERAIENT EN ÉTAT DE DÉCOUVRIR LA VÉRITÉ, QUI D'ENTRE EUX PRENDRAIT INTÉRÊT À ELLE? CHACUN SAIT BIEN QUE SON SYSTÈME N'EST PAS MIEUX FONDÉ QUE LES AUTRES; MAIS IL LE SOUTIENT PARCE QU'IL EST À LUI. IL N'Y EN A PAS UN SEUL QUI, VENANT À CONNAÎTRE LE VRAI ETAMP; LE FAUX, NE PRÉFÉRÂT LE MENSONGE QU'IL A TROUVÉ À LA VÉRITÉ DÉCOUVERTE PAR UN AUTRE. OÙ EST LE PHILOSOPHE QUI, POUR SA GLOIRE, NE TROMPEROIT PAS VOLONTIERS LE GENRE HUMAIN? OÙ EST CELUI QUI, DANS LE SECRET DE SON CŒUR, SE PROPOSE UN AUTRE OBJET QUE DE SE DISTINGUER? POURVU QU'IL S'ÉLÈVE AU-DESSUS DU VULGAIRE, POURVU QU'IL EFFACE L'ÉCLAT DE SES CONCURRENTS, QUE DEMANDE-T-IL DE PLUS? L'ESSENTIEL EST DE PENSER AUTREMENT QUE LES AUTRES. CHEZ LES CROYANTS IL EST ATHÉE, CHEZ LES ATHÉES IL SERAIT CROYANT. 
LE PREMIER FRUIT QUE JE TIRAI DE CES RÉFLEXIONS FUT D'APPRENDRE À BORNER MES RECHERCHES À CE QUI M'INTÉRESSAIT IMMÉDIATEMENT, À ME REPOSER DANS UNE PROFONDE IGNORANCE SUR TOUT LE RESTE, ETAMP; À NE M'INQUIÉTER, JUSQU'AU DOUTE, QUE DES CHOSES QU'IL M'IMPORTAIT DE SAVOIR. 
JE COMPRIS ENCORE QUE, LOIN DE ME DÉLIVRER DE MES DOUTES INUTILES, LES PHILOSOPHES NE FERAIENT QUE MULTIPLIER CEUX QUI ME TOURMENTAIENT ETAMP; N'EN RÉSOUDROIENT AUCUN. JE PRIS DONC UN AUTRE GUIDE ETAMP; JE ME DIS: CONSULTONS LA LUMIÈRE INTÉRIEURE, ELLE M'ÉGARERA MOINS QU'ILS NE M'ÉGARENT, OU, DU MOINS, MON ERREUR SERA LA MIENNE, ET JE ME DÉPRAVERAI MOINS EN SUIVANT MES PROPRES ILLUSIONS QU'EN ME LIVRANT À LEURS MENSONGES. 
ALORS, REPASSANT DANS MON ESPRIT LES DIVERSES OPINIONS QUI M'AVAIENT TOUR À TOUR ENTRAÎNÉ DEPUIS MA NAISSANCE, LE VIS QUE, BIEN QU'AUCUNE D'ELLES NE FÛT ASSEZ ÉVIDENTE POUR PRODUIRE IMMÉDIATEMENT LA CONVICTION, ELLES AVAIENT DIVERS DEGRÉS DE VRAISEMBLANCE, ETAMP; QUE L'ASSENTIMENT INTÉRIEUR S'Y PRÊTAIT OU S'Y REFUSAIT À DIFFÉRENTES MESURES. SUR CETTE PREMIÈRE OBSERVATION, COMPARANT ENTRE ELLES TOUTES CES DIFFÉRENTES IDÉES DANS LE SILENCE DES PRÉJUGÉS, JE TROUVAI QUE LA PREMIÈRE ETAMP; LA PLUS COMMUNE ÉTAIT AUSSI LA PLUS SIMPLE ETAMP; LA PLUS RAISONNABLE, ETAMP; QU'IL NE LUI MANQUAIT, POUR RÉUNIR TOUS LES SUFFRAGES, QUE D'AVOIR ÉTÉ PROPOSÉE LA DERNIÈRE. IMAGINEZ TOUS VOS PHILOSOPHES ANCIENS ETAMP; MODERNES AYANT D'ABORD ÉPUISÉ LEURS BIZARRES SYSTÈMES DE FORCE, DE CHANCES, DE FATALITÉ, DE NÉCESSITÉ, D'ATOMES, DE MONDE ANIMÉ, DE MATIÈRE VIVANTE, DE MATÉRIALISME DE TOUTE ESPÈCE, ETAMP; APRÈS EUX TOUS, L'ILLUSTRE CLARKE ÉCLAIRANT LE MONDE, ANNONÇANT ENFIN L'ETRE DES ÊTRES ETAMP; LE DISPENSATEUR DES CHOSES: AVEC QUELLE UNIVERSELLE ADMIRATION, AVEC QUEL APPLAUDISSEMENT UNANIME N'EÛT POINT ÉTÉ REÇU CE NOUVEAU SYSTÈME, SI RAND, SI CONSOLANT, SI SUBLIME, SI PROPRE À ÉLEVER L'ÂME, À DONNER UNE BASE À LA VERTU, ETAMP; EN MÊME TEMPS SI FRAPPANT, SI LUMINEUX, SI SIMPLE, ETAMP;, CE ME SEMBLE, OFFRANT MOINS DE CHOSES INCOMPRÉHENSIBLES À L'ESPRIT HUMAIN QU'IL N'EN TROUVE D'ABSURDES EN TOUT AUTRE SYSTÈME JE ME DISAIS: LES OBJECTIONS INSOLUBLES SONT COMMUNES À TOUS, PARCE QUE L'ESPRIT DE L'HOMME EST TROP BORNÉ POUR LES RÉSOUDRE; ELLES NE PROUVENT DONC CONTRE AUCUN PAR PRÉFÉRENCE: MAIS QUELLE DIFFÉRENCE ENTRE LES PREUVES DIRECTES CELUI-LÀ SEUL QUI EXPLIQUE TOUT NE DOIT-IL PAS ÊTRE PRÉFÉRÉ QUAND IL N'A PAS PLUS DE DIFFICULTÉ QUE LES AUTRES? 
PORTANT DONC EN MOI L'AMOUR DE LA VÉRITÉ POUR TOUTE PHILOSOPHIE, ETAMP; POUR TOUTE MÉTHODE UNE RÈGLE FACILE ETAMP; SIMPLE QUI ME DISPENSE DE LA VAINE SUBTILITÉ DES ARGUMENTS, JE REPRENDS SUR CETTE RÈGLE L'EXAMEN DES CONNAISSANCES QUI M'INTÉRESSENT, RÉSOLU D'ADMETTRE POUR ÉVIDENTES TOUTES CELLES AUXQUELLES, DANS LA SINCÉRITÉ DE MON CŒUR, JE NE REFUSER MON CONSENTEMENT, POUR VRAIES TOUTES CELLES QUI ME PARAÎTRONT AVOIR UNE LIAISON NÉCESSAIRE AVEC CES PREMIÈRES, ETAMP; DE LAISSER TOUTES LES AUTRES DANS L'INCERTITUDE, SANS LES REJETER NI LES ADMETTRE, ETAMP; SANS ME TOURMENTER À LES ÉCLAIRCIR QUAND ELLES NE MÈNENT À RIEN D'UTILE POUR LA PRATIQUE. 
MAIS QUI SUIS-JE? QUEL. DROIT AI-JE DE JUGER LES CHOSES? ETAMP; QU'EST-CE QUI DÉTERMINE MES JUGEMENTS? S'ILS SONT ENTRAÎNÉS, FORCÉS PAR LES IMPRESSIONS QUE JE REÇOIS, JE ME FATIGUE EN VAIN À CES RECHERCHES, ELLES NE SE FERONT POINT, OU SE FERONT D'ELLES-MÊMES SANS QUE JE ME MÊLE DE LES DIRIGER. IL FAUT DONC TOURNER D'ABORD MES REGARDS SUR MOI POUR CONNAÎTRE L'INSTRUMENT DONT JE VEUX ME SERVIR, ETAMP; JUSQU'À QUEL POINT JE PUIS ME FIER À SON USAGE. 
J'EXISTE, ETAMP; J'AI DES SENS PAR LESQUELS JE SUIS AFFECTÉ. VOILÀ LA PREMIÈRE VÉRITÉ QUI ME FRAPPE ETAMP; À LAQUELLE JE SUIS FORCÉ D'ACQUIESCER. AI-JE UN SENTIMENT PROPRE DE MON EXISTENCE, OU NE LA SENS-JE QUE PAR MES SENSATIONS? VOILÀ MON PREMIER DOUTE, QU'IL M'EST, QUANT À PRÉSENT, IMPOSSIBLE DE RÉSOUDRE. CAR, ÉTANT CONTINUELLEMENT AFFECTÉ DE SENSATIONS, OU IMMÉDIATEMENT, OU PAR LA MÉMOIRE, COMMENT PUIS-JE SAVOIR SI LE SENTIMENT DU MOI EST QUELQUE CHOSE HORS DE CES MÊMES SENSATIONS, ET. S'IL PEUT ÊTRE INDÉPENDANT D'ELLES? 
MES SENSATIONS SE PASSENT EN MOI, PUISQU'ELLES ME FONT SENTIR MON EXISTENCE; MAIS LEUR CAUSE M'EST ÉTRANGÈRE, PUISQU'ELLES M'AFFECTENT MALGRÉ QUE J'EN AIE, ETAMP; QU'IL NE DÉPEND DE MOI NI DE LES PRODUIRE NI DE LES ANÉANTIR. JE CONÇOIS DONC CLAIREMENT QUE MA SENSATION QUI EST EN MOI, ETAMP; SA CAUSE OU SON OBJET QUI EST HORS DE MOI, NE SONT PAS LA MÊME CHOSE. 
AINSI, NON SEULEMENT J'EXISTE, MAIS IL EXISTE D'AUTRES ÊTRES, SAVOIR, LES OBJETS DE MES SENSATIONS; ETAMP; QUAND CES OBJETS NE SERAIENT QUE DES IDÉES, TOUJOURS EST-IL VRAI QUE CES IDÉES NE SONT PAS MOI. 
OR, TOUT CE QUE LE SENS HORS DE MOI ETAMP; QUI AGIT SUR MES SENS, JE L'APPELLE MATIÈRE; ET TOUTES LES PORTIONS DE MATIÈRE QUE JE CONÇOIS RÉUNIES EN ÊTRES INDIVIDUELS, JE LES APPELLE DES CORPS. AINSI TOUTES LES DISPUTES DES IDÉALISTES ETAMP; DES MATÉRIALISTES NE SIGNIFIENT RIEN POUR MOI: LEURS DISTINCTIONS SUR L'APPARENCE ETAMP; LA RÉALITÉ DES CORPS SONT DES CHIMÈRES. 
ME VOICI DÉJÀ TOUT AUSSI SÛR DE L'EXISTENCE DE L'UNIVERS QUE DE LA MIENNE. ENSUITE JE RÉFLÉCHIS SUR LES OBJETS DE MES SENSATIONS; ETAMP;, TROUVANT EN MOI LA FACULTÉ DE LES COMPARER, JE ME SENS DOUÉ D'UNE FORCE ACTIVE QUE JE NE SAVAIS PAS AVOIR AUPARAVANT. 
APPERCEVOIR, C'EST SENTIR; COMPARER, C'EST JUGER; JUGER ETAMP; SENTIR NE SONT PAS LA MÊME CHOSE. PAR LA SENSATION LES OBJETS S'OFFRENT À MOI SÉPARÉS, ISOLÉS, TELS QU'ILS SONT DANS LA NATURE; PAR LA COMPARAISON, JE LES REMUE, LE LES TRANSPORTE POUR AINSI DIRE, JE LES POSE L'UN SUR L'AUTRE POUR PRONONCER SUR LEUR DIFFÉRENCE OU SUR LEUR SIMILITUDE, ETAMP; GÉNÉRALEMENT SUR TOUS LEURS RAPPORTS. SELON MOI LA FACULTÉ DISTINCTIVE DE L'ÊTRE ACTIF OU INTELLIGENT EST DE POUVOIR DONNER UN SENS À CE MOT EST. JE CHERCHE EN VAIN DANS L'ÊTRE PUREMENT SENSITIF CETTE FORCE INTELLIGENTE QUI SUPERPOSE ETAMP; PUIS QUI PRONONCE; JE NE LA SAURAIS VOIR DANS SA NATURE. CET ÊTRE PASSIF SENTIRA CHAQUE OBJET SÉPARÉMENT, OU MÊME IL SENTIRA L'OBJET TOTAL FORMÉ DES DEUX; MAIS, N'AYANT AUCUNE FORCE POUR LES REPLIER L'UN SUR L'AUTRE, IL NE LES COMPARERA JAMAIS, IL NE LES JUGERA POINT. 
VOIR DEUX OBJETS À LA FOIS, CE N'EST PAS VOIR LEURS RAPPORTS NI JUGER DE LEURS DIFFÉRENCES; APERCEVOIR PLUSIEURS OBJETS LES UNS HORS DES AUTRES N'EST PAS LES NOMBRER. JE PUIS AVOIR AU MÊME INSTANT L'IDÉE D'UN GRAND BÂTON ETAMP; D'UN PETIT BÂTON SANS LES COMPARER, SANS JUGER QUE L'UN EST PLUS PETIT QUE L'AUTRE, COMME JE PUIS VOIR À LA FOIS MA MAIN ENTIÈRE, SANS FAIRE LE COMPTE DE MES DOIGTS. 
CES IDÉES COMPARATIVES, PLUS GRAND, PLUS PETIT, DE MÊME QUE LES IDÉES NUMÉRIQUES D'UN, DE DEUX, ETC., NE SONT CERTAINEMENT PAS DES SENSATIONS, QUOIQUE MON ESPRIT NE LES PRODUISE QU'À L'OCCASION DE MES SENSATIONS. 
ON NOUS DIT QUE L'ÊTRE SENSITIF DISTINGUE LES SENSATIONS LES UNES DES AUTRES PAR LES DIFFÉRENCES QU ONT ENTRE ELLES CES MÊMES SENSATIONS: CECI DEMANDE EXPLICATION. QUAND LES SENSATIONS SONT DIFFÉRENTES, L'ÊTRE SENSITIF LES DISTINGUE PAR LEURS DIFFÉRENCES: QUAND ELLES SONT SEMBLABLES, IL LES DISTINGUE PARCE QU'IL SENT LES UNES HORS DES AUTRES. AUTREMENT, COMMENT DANS UNE SENSATION SIMULTANÉE DISTINGUERAIT DEUX OBJETS ÉGAUX? IL FAUDRAIT NÉCESSAIREMENT QU'IL CONFONDÎT CES DEUX OBJETS ET LES RIT POUR LE MÊME, SURTOUT DANS UN SYSTÈME OÙ L'ON PRÉTEND QUE LES SENSATIONS REPRÉSENTATIVES DE L'ÉTENDUE NE SONT POINT ÉTENDUES. 
QUAND LES DEUX SENSATIONS À COMPARER SONT APERÇUES, LEUR IMPRESSION EST FAITE, CHAQUE OBJET EST SENTI, LES DEUX SONT SENTIS, MAIS LEUR RAPPORT N'EST PAS SENTI POUR CELA. SI LE JUGEMENT DE CE RAPPORT N'ÉTAIT QU'UNE SENSATION, ETAMP; ME VENAIT UNIQUEMENT DE L'OBJET, MES JUGEMENTS NE ME TROMPERAIENT JAMAIS, PUISQU'IL N'EST JAMAIS FAUX QUE JE ENTE CE QUE JE SENS. 
POURQUOI DONC EST-CE QUE JE ME TROMPE SUR LE RAPPORT DE CES DEUX BÂTONS, SURTOUT S'ILS NE SONT PAS PARALLÈLES? POURQUOI, DIS-JE, PAR EXEMPLE, QUE LE PETIT BÂTON EST LE TIERS DU GRAND, TANDIS QU'IL N'EN EST QUE LE QUART? POURQUOI L'IMAGE, QUI EST LA SENSATION, N'EST-ELLE PAS CONFORME À SON MODÈLE, QUI EST L'OBJET? C'EST QUE JE SUIS ACTIF QUAND JE JUGE, QUE L'OPÉRATION QUI COMPARE EST FAUTIVE, ETAMP; QUE MON ENTENDEMENT, QUI JUGE LES RAPPORTS, MÊLE SES ERREURS À LA VÉRITÉ DES SENSATIONS QUI NE MONTRENT QUE LES OBJETS. 
AJOUTEZ À CELA UNE RÉFLEXION QUI VOUS FRAPPERA, JE M'ASSURE, QUAND VOUS Y AUREZ PENSÉ; C'EST QUE, SI NOUS ÉTIONS PUREMENT PASSIFS DANS L'USAGE DE NOS SENS, IL N'Y AURAIT ENTRE EUX AUCUNE COMMUNICATION; IL NOUS SERAIT IMPOSSIBLE DE CONNAÎTRE QUE LE CORPS QUE NOUS TOUCHONS ETAMP; L'OBJET QUE NOUS VOYONS SONT LE MÊME. OU NOUS NE SENTIRIONS JAMAIS RIEN HORS DE NOUS, OU IL Y AURAIT POUR NOUS CINQ SUBSTANCES SENSIBLES, DONT NOUS N'AURIONS NUL MOYEN D'APERCEVOIR L'IDENTITÉ. 
QU'ON DONNE TEL OU TEL NOM À CETTE FORCE DE MON ESPRIT QUI RAPPROCHE ETAMP; COMPARE MES SENSATIONS; QU'ON L'APPELLE ATTENTION, MÉDITATION, RÉFLEXION, OU COMME ON VOUDRA; TOUJOURS EST-IL VRAI QU'ELLE EST EN MOI ETAMP; NON DANS LES CHOSES, QUE C'EST MOI SEUL QUI LA PRODUIS, QUOIQUE JE NE LA PRODUISE QU'À L'OCCASION DE L'IMPRESSION QUE FONT SUR MOI LES OBJETS. SANS ÊTRE MAÎTRE DE SENTIR OU LE NE PAS SENTIR, JE LE SUIS D'EXAMINER PLUS OU MOINS CE QUE JE SENS. 
JE NE SUIS DONC PAS SIMPLEMENT UN ÊTRE SENSITIF ETAMP; PASSIF, MAIS UN ÊTRE ACTIF ET INTELLIGENT, ETAMP;, QUOI QU'EN DISE LA PHILOSOPHIE, J'OSERAI PRÉTENDRE À L'HONNEUR DE PENSER. JE SAIS SEULEMENT QUE LA VÉRITÉ EST DANS LES CHOSES ETAMP; NON PAS DANS MON ESPRIT QUI LES JUGE, ETAMP; QUE MOINS JE METS DU MIEN DANS LES JUGEMENTS QUE J'EN PORTE, PLUS JE SUIS SÛR D'APPROCHER DE LA VÉRITÉ: AINSI MA RÈGLE DE ME LIVRER AU SENTIMENT PLUS QU'À LA RAISON EST CONFIRMÉE PAR LA RAISON MÊME. 
M'ÉTANT, POUR AINSI DIRE, ASSURÉ DE MOI-MÊME, JE COMMENCE À REGARDER HORS DE MOI, ETAMP; JE ME CONSIDÈRE AVEC UNE SORTE DE FRÉMISSEMENT, JETÉ, PERDU DANS CE VASTE UNIVERS, ETAMP; COMME NOYÉ DANS L'IMMENSITÉ DES ÊTRES, SANS RIEN SAVOIR DE CE ILS SONT QU'ILS SONT ENTRE EUX, NI PAR RAPPORT À MOI. JE LES ÉTUDIE, JE LES OBSERVE; ETAMP;, LE PREMIER OBJET QUI SE PRÉSENTE À MOI POUR LES COMPARER, C'EST MOI-MÊME. 
TOUT CE QUE J'APERÇOIS PAR LES SENS EST MATIÈRE, ETAMP; JE DÉDUIS TOUTES LES PROPRIÉTÉS ESSENTIELLES DE LA MATIÈRE DES QUALITÉS SENSIBLES QUI ME LA FONT APERCEVOIR, ETAMP; QUI EN SONT INSÉPARABLES. JE LA VOIS TANTÔT EN MOUVEMENT ETAMP; TANTÔT EN REPOS, D'OÙ J'INFÈRE LUE NI LE REPOS NI LE MOUVEMENT NE LUI SONT ESSENTIELS; MAIS LE MOUVEMENT ÉTANT UNE ACTION, EST L'EFFET D'UNE CAUSE DONT LE REPOS N'EST QUE L'ABSENCE. QUAND DONC RIEN N'AGIT SUR LA MATIÈRE, ELLE NE SE MEUT POINT, ETAMP;, PAR CELA MÊME QU'ELLE EST INDIFFÉRENTE AU REPOS ETAMP; AU MOUVEMENT, SON ÉTAT NATUREL EST D'ÊTRE EN REPOS. 
J'APERÇOIS DANS LES CORPS DEUX SORTES DE MOUVEMENTS, SAVOIR, MOUVEMENT COMMUNIQUÉ, ETAMP; MOUVEMENT SPONTANÉ OU VOLONTAIRE. DANS LE PREMIER, LA CAUSE MOTRICE EST ÉTRANGÈRE AU CORPS MÛ, ETAMP; DANS LE SECOND ELLE EST EN LUI-MÊME. JE NE CONCLURAI PAS DE LÀ QUE LE MOUVEMENT D'UNE MONTRE, PAR EXEMPLE, EST SPONTANÉ; CAR SI RIEN D'ÉTRANGER AU RESSORT N'AGISSAIT SUR LUI, IL NE TENDROIT POINT À SE REDRESSER, ET NE TIRERAIT PAS LA CHAÎNE. PAR LA MÊME RAISON, JE N'ACCORDERAI POINT NON PLUS LA SPONTANÉITÉ AUX FLUIDES, NI AU FEU MÊME QUI FAIT LEUR FLUIDITÉ. 
VOUS ME DEMANDEREZ SI LES MOUVEMENTS DES ANIMAUX SONT SPONTANÉS; JE VOUS DIRAI QUE JE N'EN SAIS RIEN, MAIS QUE L'ANALOGIE EST POUR L'AFFIRMATIVE. VOUS ME DEMANDEREZ ENCORE COMMENT JE SAIS DONC QU'IL Y A DES MOUVEMENTS SPONTANÉS; JE VOUS DIRAI QUE JE LE SAIS PARCE QUE JE LE SENS. JE VEUX MOUVOIR MON BRAS ETAMP; JE LE MEUS, SANS E CE MOUVEMENT AIT D'AUTRE CAUSE IMMÉDIATE QUE MA VOLONTÉ. C'EST EN VAIN QU'ON VOUDRAIT RAISONNER POUR DÉTRUIRE EN MOI CE IL EST PLUS FORT QUE TOUTE ÉVIDENCE; AUTANT SENTIMENT, PROUVER QUE JE N'EXISTE PAS VAUDRAIT ME PROUVER QUE JE N'EXISTE PAS. 
S'IL N'Y AVAIT AUCUNE SPONTANÉITÉ DANS LE ACTIONS DES HOMMES, NI DAM RIEN DE CE QUI SE FAIT SUR LA TERRE, ON N'EN SERAIT QUE PLUS EMBARASSÉ À IMAGINER LA PREMIÈRE CAUSE DE TOUT MOUVEMENT. POUR MOI, JE ME SENS TELLEMENT PERSUADE QUE L'ÉTAT NATUREL DE LA MATIÈRE EST D'ÊTRE EN REPOS, ETAMP; QU'ELLE N'A PAR ELLE-MÊME AUCUNE. FORCE POUR AGIR, QU'EN VOYANT UN CORPS EN MOUVEMENT LE JUGE AUSSITÔT, OU QUE ANIMÉ OU QUE CE MOUVEMENT LUI A ÉTÉ COMMUNIQUE. MON ESPRIT REFUSE TOUT ACQUIESCEMENT À L'IDÉE DE LA MATIÈRE NON ORGANISÉE SE MOUVANT D'ELLE-MÊME, OU PRODUISANT QUELQUE ACTION. 
CEPENDANT CET UNIVERS VISIBLE EST MATIÈRE, MATIÈRE ÉPARSE ETAMP; MORTE, QUI N'A RIEN DANS SON TOUT DE L'UNION, DE L'ORGANISATION, DU SENTIMENT COMMUN DES PARTIES D'UN CORPS ANIMÉ, PUISQU'IL EST CERTAIN QUE NOUS QUI SOMMES PARTIES NE NOUS SENTONS NULLEMENT DANS LE TOUT. CE MÊME UNIVERS EST EN MOUVEMENT, ETAMP; CLANS SES MOUVEMENTS RÉGLÉS, UNIFORMES, ASSUJETTIS À DES LOIS CONSTANTES, IL N'A RIEN DE CETTE LIBERTÉ QUI PARAÎT DANS LES MOUVEMENTS SPONTANÉS DE L'HOMME ETAMP; DES ANIMAUX. LE MONDE N'EST DONC PAS UN GRAND ANIMAL QUI SE MEUVE DE LUI-MÊME; IL Y A DONC DE SES MOUVEMENTS QUELQUE CAUSE ÉTRANGÈRE À LUI, LAQUELLE JE N'APERÇOIS PAS; MAIS LA PERSUASION INTÉRIEURE ME REND CETTE CAUSE TELLEMENT SENSIBLE, QUE JE NE PUIS VOIR ROULER LE SOLEIL SANS IMAGINER UNE FORCE QUI LE POUSSE, OU QUE, SI LA TERRE TOURNE, JE CROIS SENTIR UNE MAIN QUI LA FAIT TOURNER. 
S'IL FAUT ADMETTRE DES LOIS GÉNÉRALES DONT JE N'APERÇOIS POINT LES RAPPORTS ESSENTIELS AVEC LA MATIÈRE, DE QUOI SERAI-JE AVANCÉ? CES LOIS, N'ÉTANT POINT DES ÊTRES RÉELS, DES SUBSTANCES, ONT DONC QUELQUE AUTRE FONDEMENT QUI M'EST INCONNU. L'EXPÉRIENCE ETAMP; L'OBSERVATION NOUS ONT FAIT CONNAÎTRE LES LOIS DU MOUVEMENT; CES LOIS DÉTERMINENT LES EFFETS SANS MONTRER LES CAUSES; ELLES NE SUFFISENT POINT POUR EXPLIQUER LE SYSTÈME DU MONDE ETAMP; LA MARCHE DE L'UNIVERS. DESCARTES AVEC DES DÉS FERMAIT LE CIEL ETAMP; LA TERRE; MAIS IL NE PUT DONNER LE PREMIER BRANLE À CES DÉS, NI METTRE EN JEU SA FORCE CENTRIFUGE QU'À L'AIDE D'UN MOUVEMENT DE ROTATION. NEWTON A TROUVÉ LA LOI DE L'ATTRACTION; MAIS L'ATTRACTION SEULE RÉDUIROIT BIENTÔT L'UNIVERS EN UNE MASSE IMMOBILE: À CETTE LOI IL A FALLU JOINDRE UNE FORCE PROJECTILE POUR FAIRE DÉCRIRE DES COURBES AUX CORPS CÉLESTES. QUE DESCARTES NOUS DISE QUELLE LOI PHYSIQUE A FAIT TOURNER SES TOURBILLONS; QUE NEWTON NOUS MONTRE LA MAIN QUI LANÇA LES PLANÈTES SUR LA TANGENTE DE LEURS ORBITES. 
LES PREMIÈRES CAUSES DU MOUVEMENT NE SONT POINT DANS LA MATIÈRE; ELLE REÇOIT LE MOUVEMENT ETAMP;, LE COMMUNIQUE, MAIS ELLE NE LE PRODUIT PAS. PLUS J'OBSERVE L'ACTION ETAMP; RÉACTION DES FORCES DE SA NATURE AGISSANT LES UNES SUR LES AUTRES, PLUS JE TROUVE QUE, D'EFFETS EN EFFETS, IL FAUT TOUJOURS REMONTER À QUELQUE VOLONTÉ POUR PREMIÈRE CAUSE; CAR SUPPOSER UN PROGRÈS DE CAUSES À L'INFINI, C'EST N'EN POINT SUPPOSER DU TOUT. EN UN MOT, TOUT MOUVEMENT QUI N'EST PAS PRODUIT PAR UN AUTRE NE PEUT VENIR QUE D'UN ACTE SPONTANÉ, VOLONTAIRE; LES CORPS INANIMÉS N'AGISSENT QUE PAR LE MOUVEMENT, ETAMP; IL N'Y A POINT DE VÉRITABLE ACTION SANS VOLONTÉ. VOILÀ MON PREMIER PRINCIPE. JE CROIS DONC QU'UNE VOLONTÉ MEUT L'UNIVERS ETAMP; ANIME LA NATURE. VOILÀ MON PREMIER DOGME, OU MON PREMIER ARTICLE DE FOI. 
COMMENT UNE VOLONTÉ PRODUIT-ELLE UNE ACTION PHYSIQUE ETAMP; CORPORELLE? JE N'EN SAIS RIEN, MAIS J'ÉPROUVE EN MOI QU'ELLE LA PRODUIT. JE VEUX AGIR, ETAMP; J'AGIS; JE VEUX MOUVOIR MON CORPS, ETAMP; MON CORPS SE MEUT; MAIS QU'UN CORPS INANIMÉ ETAMP; EN REPOS VIENNE À SE MOUVOIR DE LUI-MÊME OU PRODUISE-LE MOUVEMENT CELA EST INCOMPRÉHENSIBLE ETAMP; SANS EXEMPLE. LA VOLONTÉ M'EST CONNUE PAR SES ACTES, NON PAR SA NATURE. JE CONNAIS CETTE VOLONTÉ COMME CAUSE MOTRICE; MOIS CONCEVOIR LA MATIÈRE PRODUCTRICE DU MOUVEMENT, C'EST CLAIREMENT CONCEVOIR UN EFFET SANS CAUSE, C'EST NE CONCEVOIR ABSOLUMENT RIEN. 
IL NE M'EST PAS PLUS POSSIBLE DE CONCEVOIR COMMENT MA VOLONTÉ MEUT MON CORPS, QUE COMMENT MES SENSATIONS AFFECTENT MON ÂME. JE NE SAIS PAS MÊME POURQUOI L'UN DE CES MYSTÈRES A PARU PLUS EXPLICABLE QUE L'AUTRE. QUANT À MOI, SOIT QUAND JE SUIS PASSIF, SOIT QUAND JE SUIS ACTIF, LE MOYEN D'UNION DES DEUX SUBSTANCES ME PARAÎT ABSOLUMENT INCOMPRÉHENSIBLE. IL EST BIEN ÉTRANGE QU'ON PARTE DE CETTE INCOMPRÉHENSIBILITÉ MÊME POUR CONFONDRE LES DEUX SUBSTANCES, COMME SI DES OPÉRATIONS DE NATURES SI DIFFÉRENTES S'EXPLIQUAIENT MIEUX DANS UN SEUL SUJET QUE DANS DEUX. 
LE DOGME QUE JE VIENS D'ÉTABLIR EST OBSCUR, IL EST VRAI; MAIS ENFIN IL OFFRE UN SENS, ET IL N'A RIEN QUI RÉPUGNE À LA RAISON NI À L'OBSERVATION: EN PEUT-ON DIRE AUTANT MATÉRIALISME? N'EST-IL PAS CLAIR QUE SI LE MOUVEMENT ÉTAIT ESSENTIEL À LA MATIÈRE, IF EN SERAIT INSÉPARABLE, IL Y SERAIT TOUJOURS EN MÊME DEGRÉ, TOUJOURS LE MÊME DANS CHAQUE PORTION DE MATIÈRE, IL SERAIT INCOMMUNICABLE, IL NE POURRAIT NI AUGMENTER NI DIMINUER, ETAMP; L'ON NE POURRAIT PAS MÊME CONCEVOIR LA MATIÈRE EN REPOS? QUAND ON ME DIT QUE LE MOUVEMENT LUI EST PAS ESSENTIEL, MAIS NÉCESSAIRE, ON VEUT ME DONNER CHANGE PAR DES MOTS QUI SERAIENT PLUS AISÉS À RÉFUTER S'ILS AVAIENT UN PEU PLUS DE SENS. CAR OU LE MOUVEMENT DE LA MATIÈRE LUI VIENT D'ELLE-MÊME, ETAMP; ALORS IL LUI EST ESSENTIEL, OU, S'IL LUI VIENT D'UNE CAUSE ÉTRANGÈRE, IL N'EST NÉCESSAIRE À LA MATIÈRE QU'AUTANT QUE LA CAUSE MOTRICE AGIT SUR ELLE: NOUS RENTRONS DANS LA PREMIÈRE DIFFICULTÉ. 
LES IDÉES; GÉNÉRALES ETAMP; ABSTRAITES SONT LA SOURCE DES PLUS GRANDES ERREURS DES HOMMES; JAMAIS LE JARGON DE LA MÉTAPHYSIQUE N'A FAIT DÉCOUVRIR UNE SEULE VÉRITÉ, ET IL A REMPLI LA PHILOSOPHIE D'ABSURDITÉS DONT ON A HONTE, SITÔT QU'ON LES DÉPOUILLE DE LEURS GRANDS MOTS. DITES-MOI, MON AMI, SI, QUAND ON VOUS PARLE D'UNE FORCE AVEUGLE, RÉPANDUE DANS TOUTE LA NATURE, ON PORTE QUELQUE VÉRITABLE IDÉE À VOTRE ESPRIT. ON CROIT DIRE QUELQUE CHOSE PAR CES MOTS VAGUES DE FORCE UNIVERSELLE, DE MOUVEMENT NÉCESSAIRE, ETAMP; L'ON NE DIT RIEN DU TOUT. L'IDÉE DU MOUVEMENT N'EST AUTRE CHOSE QUE L'IDÉE DU TRANSPORT D'UN LIEU À UN AUTRE: IL N'Y A POINT DE MOUVEMENT SANS QUELQUE DIRECTION; CAR UN ÊTRE INDIVIDUEL NE SAURAIT SE MOUVOIR À LA FOIS DANS TOUS LES SENS. DANS QUEL SENS DONC LA MATIÈRE SE MEUT-ELLE NÉCESSAIREMENT? TOUTE LA MATIÈRE EN CORPS A-T-ELLE UN MOUVEMENT UNIFORME, OU CHAQUE ATOME A-T-IL SON MOUVEMENT PROPRE? SELON LA PREMIÈRE IDÉE, L'UNIVERS ENTIER DOIT FORMER UNE MASSE SOLIDE ETAMP; INDIVISIBLE; SELON LA SECONDE, IL NE DOIT FORMER QU'UN FLUIDE ÉPARS ETAMP; INCOHÉRENT, SANS QU'IL SOIT JAMAIS POSSIBLE QUE DEUX ATOMES SE RÉUNISSENT. SUR QUELLE DIRECTION SE FERA CE MOUVEMENT COMMUN DE TOUTE LA MATIÈRE? SERA-CE EN DROITE LIGNE, EN HAUT, EN BAS, À DROITE OU À GAUCHE? SI CHAQUE MOLÉCULE DE MATIÈRE A SA DIRECTION PARTICULIÈRE QUELLES SERONT LES CAUSES DE TOUTES CES DIRECTIONS ETAMP; DE TOUTES CES DIFFÉRENCES? SI CHAQUE ATOME OU MOLÉCULE DE MATIÈRE NE FAISAIT QUE TOURNER SUR SON PROPRE CENTRE, JAMAIS RIEN NE SORTIRAIT DE SA PLACE, ETAMP; IL N'Y AURAIT POINT DE MOUVEMENT COMMUNIQUÉ; ENCORE MÊME FOUDRAIT-IL QUE CE MOUVEMENT CIRCULAIRE FÛT DÉTERMINÉ DANS QUELQUE SENS. DONNER À LA MATIÈRE LE MOUVEMENT PAR ABSTRACTION, C'EST DIRE DES MOTS QUI NE SIGNIFIENT RIEN; ETAMP; LUI DONNER UN MOUVEMENT DÉTERMINÉ, C'EST SUPPOSER UNE CAUSE QUI LE DÉTERMINE. PLUS JE MULTIPLIE LES FORCES PARTICULIÈRES, PLUS J'AI DE NOUVELLES CAUSES À EXPLIQUER, SANS JAMAIS TROUVER AUCUN AGENT COMMUN QUI LES DIRIGE. LOIN DE POUVOIR IMAGINER AUCUN ORDRE DANS LE CONCOURS FORTUIT DES ÉLÉMENTS, JE N'EN PUIS PAS MÊME IMAGINER LE COMBAT, ETAMP; LE CHAOS DE L'UNIVERS M'EST PLUS INCONCEVABLE QUE SON HARMONIE. JE COMPRENDS QUE LE MÉCANISME DU'MONDE PEUT N'ÊTRE PAS INTELLIGIBLE À L'ESPRIT HUMAIN; MAIS SITÔT QU'UN HOMME SE MÊLE DE L'EXPLIQUER, IL DOIT DIRE DES CHOSES QUE LES HOMMES ENTENDENT. 
SI LA MATIÈRE MUE ME MONTRE UNE VOLONTÉ, LA MATIÈRE MUE SELON DE CERTAINES LOIS ME MONTRE UNE INTELLIGENCE: C'EST MON SECOND ARTICLE DE FOI. AGIR, COMPARER, CHOISIR, SONT LES OPÉRATIONS D'UN ÊTRE ACTIF ETAMP; PENSANT: DONC CET ÊTRE EXISTE. OÙ LE VOYEZ-VOUS EXISTER? M'ALLEZ-VOUS DIRE. NON SEULEMENT DANS LES CIEUX QUI ROULENT, DANS L'ASTRE QUI NOUS ÉCLAIRE; NON SEULEMENT DANS MOI-MÊME, MAIS DANS LA BREBIS QUI PAÎT, DANS L'OISEAU QUI VOLE, DANS LA PIERRE QUI TOMBE, DANS LA FEUILLE QU'EMPORTE LE VENT. 
JE JUGE DE L'ORDRE DU MONDE QUOIQUE J'EN IGNORE LA FIN, PARCE QUE POUR JUGER DE CET ORDRE IL ME SUFFIT DE COMPARER LES PARTIES ENTRE ELLES, D'ÉTUDIER LEUR CONCOURS, LEURS RAPPORTS, D'EN REMARQUER LE CONCERT. J'IGNORE POURQUOI L'UNIVERS EXISTE; MAIS JE NE LAISSE PAS DE VOIR COMMENT IL EST MODIFIÉ: JE NE LAISSE PAS D'APERCEVOIR L'INTIME CORRESPONDANCE PAR LAQUELLE LES ÊTRES QUI LE COMPOSENT SE PRÊTENT UN SECOURS MUTUEL. JE SUIS COMME UN HOMME QUI VERRAIT POUR LA PREMIÈRE FOIS UNE MONTRE OUVERTE, ETAMP; QUI NE LAISSERAT PAS D'EN ADMIRER L'OUVRAGE, QUOIQU'IL NE CONNÛT PAS L'USAGE DE LA MACHINE ETAMP; QU'IL N'EÛT POINT VU LE CADRAN. JE NE SAIS, DIRAIT-IL, À QUOI LE TOUT EST BON; MAIS JE VOIS QUE CHAQUE PIÈCE EST FAITE POUR LES AUTRES; J'ADMIRE L'OUVRIER DANS LE DÉTAIL DE SON OUVRAGE, ETAMP; JE SUIS BIEN SÛR QUE TOUS CES ROUAGES NE MARCHENT AINSI DE CONCERT QUE POUR UNE FIN COMMUNE QU'IL M'EST IMPOSSIBLE D'APERCEVOIR. 
COMPARONS LES FINS PARTICULIÈRES, LES MOYENS, LES RAPPORTS ORDONNÉS DE TOUTE ESPÈCE, PUIS ÉCOUTONS LE SENTIMENT INTÉRIEUR; QUEL ESPRIT SAIN PEUT SE REFUSER À SON TÉMOIGNAGE? A QUELS YEUX NON PRÉVENUS L'ORDRE SENSIBLE DE L'UNIVERS N'ANNONCE-T-IL PAS UNE SUPRÊME INTELLIGENCE? ETAMP; QUE DE SOPHISMES NE FAUT-IL POINT ENTASSER POUR MÉCONNAÎTRE L'HARMONIE DES ÊTRES ETAMP; L'ADMIRABLE CONCOURS DE CHAQUE PIÈCE POUR LA CONSERVATION DES AUTRES? QU'ON ME PARLE TANT QU'ON VOUDRA DE COMBINAISONS ETAMP; DE CHANCES; QUE VOUS SERT DE ME RÉDUIRE AU SILENCE, SI VOUS NE POUVEZ M'AMENER À LA PERSUASION? ETAMP; COMMENT M'ÔTEREZ-VOUS LE SENTIMENT INVOLONTAIRE QUI VOUS DÉMENT TOUJOURS MALGRÉ MOI? SI LES CORPS ORGANISÉS SE, SONT COMBINÉS FORTUITEMENT DE RAILLE MANIÈRES AVANT DE PRENDRE DES FORMES CONSTANTES, S'IL S'EST FORMÉ D'ABORD DES ESTOMACS SANS BOUCHES, DES PIEDS SANS TÊTES, DES MAINS SANG BRAS, DES ORGANES IMPARFAITS DE TOUTE ESPÈCE QUI SONT PÉRIS FAUTE DE POUVOIR SE CONSERVER, POURQUOI NUL DE CES INFORMES ESSOIS NE FRAPPE-T-IL PLUS NOS REGARDS? POURQUOI LA NATURE S'EST-ELLE ENFIN PRESCRIT DES LOIS AUXQUELLES ELLE N'ÉTAIT PAS D'ABORD ASSUJETTIE? JE NE DOIS POINT ÊTRE SURPRIS QU'UNE CHOSE ARRIVE LORSQU'ELLE EST POSSIBLE, ETAMP; QUE LA DIFFICULTÉ DE L'ÉVÉNEMENT EST COMPENSÉE PAR LA QUANTITÉ DES JETS; J'EN CONVIENS. CEPENDANT, SI L'ON VENAIT ME DIRE QUE DES CARACTÈRES D'IMPRIMERIE PROJETÉS AU HASARD ONT DONNÉ L'ÉNÉIDE TOUT ARRANGÉE, JE NE DAIGNEROIS PAS FAIRE UN PAS POUR ALLER VÉRIFIER JE MENSONGE. VOUS OUBLIEZ, ME DIRA-T-ON, LA QUANTITÉ DES JETS. MAIS DE CES JETS-LÀ COMBIEN FAUT-IL QUE J'EN SUPPOSE POUR RENDRE LA COMBINAISON VRAISEMBLABLE? POUR MOI, QUI N'EN VOIS QU'UN SEUL, J'AI L'INFINI À PARIER CONTRE UN QUE SON PRODUIT N'EST POINT EFFET DU HASARD. AJOUTEZ QUE DES COMBINAISONS ETAMP; DES CHANCES NE DONNERONT JAMAIS QUE DES PRODUITS DE MÊME NATURE QUE LES ÉLÉMENTS COMBINÉS, QUE L'ORGANISATION ETAMP; LA VIE NE RÉSULTERONT POINT D'UN JET D'ATOMES, ETAMP; QU'UN CHIMISTE COMBINANT DES MIXTES NE LES FERA POINT SENTIR ET PENSER DANS SON CREUSET. 
J'AI LU NIEUWENTIT AVEC SURPRISE, ETAMP; PRESQUE AVEC SCANDALE. COMMENT CET HOMME A-T-IL PU VOULOIR FAIRE UN LIVRE DES MERVEILLES DE LA NATURE, QUI MONTRENT LA SAGESSE DE SON AUTEUR? SON LIVRE SERAIT AUSSI GROS QUE LE MONDE QU'IL N'AURAIT PAS ÉPUISE SON SUJET; ETAMP; SITÔT QU'ON VEUT ENTRER DANS LES DÉTAILS PLUS GRANDE MERVEILLE ÉCHAPPE, QUI EST L'HARMONIE ETAMP; L'ACCORD DU TOUT. LA SEULE GÉNÉRATION DES CORPS VIVANTS ET ORGANISÉS EST L'ABÎME DE L'ESPRIT HUMAIN; LA BARRIÈRE INSURMONTABLE QUE LA NATURE A MISE ENTRE LES DIVERSES ESPÈCES, AFIN QU'ELLES NE SE CONFONDISSENT PAS, MONTRE SES INTENTIONS AVEC LA DERNIÈRE ÉVIDENCE. ELLE NE S'EST PAS CONTENTÉE D'ÉTABLIR L'ORDRE, ELLE A PRIS DES MESURES CERTAINES POUR QUE RIEN NI. PÛT LE TROUBLER. 
IL N'Y A PAS UN ÊTRE DANS L'UNIVERS QU'ON NE PUISSE, À QUELQUE ÉGARD, REGARDER COMME LE CENTRE COMMUN DE TOUS LES AUTRES, AUTOUR DUQUEL ILS SONT TOUS ORDONNÉS, EN SORTE QU'ILS SONT TOUS RÉCIPROQUEMENT FINS ETAMP; MOYENS LES UNS RELATIVEMENT AUX AUTRES. L'ESPRIT SE CONFOND ETAMP; SE PERD DANS CETTE INFINITÉ DE RAPPORTS, DONT PAS UN N'EST CONFONDU NI PERDU DANS LA FOULE. QUE D'ABSURDES SUPPOSITIONS POUR DÉDUIRE TOUTE CETTE HARMONIE DE L'AVEUGLE MÉCANISME DE LA MATIÈRE MUE FORTUITEMENT CEUX, QUI NIENT L'UNITÉ D'INTENTION QUI SE MANIFESTE DANS LES RAPPORTS DE TOUTES LES PARTIES DE CE GRAND TOUT, ONT BEAU COUVRIR LEUR GALIMATIAS D'ABSTRACTIONS, DE COORDINATIONS, DE PRINCIPES GÉNÉRAUX, DE TERMES EMBLÉMATIQUES; QUOI QU'ILS FASSENT, IL M'EST IMPOSSIBLE DE CONCEVOIR UN SYSTÈME D'ÊTRES SI CONSTAMMENT ORDONNÉS, QUE JE NE CONÇOIVE UNE INTELLIGENCE QUI L'ORDONNE. IL NE DÉPEND PAS DE MOI DE CROIRE QUE LA MATIÈRE PASSIVE ETAMP; MORTE A PU PRODUIRE DES ÊTRES VIVANTS ET SENTANTS, QU'UNE FATALITÉ AVEUGLE A PU PRODUIRE DES ÊTRES INTELLIGENTS, QUE CE QUI NE PENSE POINT A PU PRODUIRE DES ÊTRES QUI PENSENT. 
JE CROIS DONC CRUE LE MONDE EST GOUVERNÉ PAR UNE VOLONTÉ PUISSANTE ETAMP; SAGE; JE LE VOIS, OU PLUTÔT JE LE SENS, ETAMP; CELA M'IMPORTE À SAVOIR. MAIS CE MÊME MONDE EST-IL ÉTERNEL OU CRÉE? Y-T-IL UN PRINCIPE UNIQUE DES CHOSES? Y EN A DEUX OU PLUSIEURS? ET QUELLE EST LEUR NATURE? JE N'EN SAIS RIEN, ETAMP; QUE M'IMPORTE. A MESURE QUE CES CONNAISSANCES ME DEVIENDRONT INTÉRESSANTES, JE M'EFFORCERAI DE LES ACQUÉRIR; JUSQUE-LÀ JE RENONCE À DES QUESTIONS OISEUSES QUI PEUVENT INQUIÉTER MON AMOUR-PROPRE, MAIS QUI SONT INUTILES À MA CONDUITE ETAMP; SUPÉRIEURES À MA RAISON. 
SOUVENEZ-VOUS TOUJOURS QUE JE N'ENSEIGNE POINT MON SENTIMENT, JE L'EXPOSE. QUE LA MATIÈRE SOIT ÉTERNELLE CRÉÉE, QU'IL Y AIT UN PRINCIPE PASSIF OU QU'IL N'Y EN AIT POINT; TOUJOURS EST-IL CERTAIN QUE LE TOUT EST UN, ETAMP; ANNONCE UNE INTELLIGENCE UNIQUE; CAR JE NE VOIS RIEN QUI NE SOIT ORDONNÉ DANS LE MÊME SYSTÈME, ETAMP; QUI NE CONCOURE À LA MÊME FIN, SAVOIR LA CONSERVATION DU TOUT DANS L'ORDRE ÉTABLI. CET ÊTRE QUI VEUT ET QUI PEUT, CET ÊTRE ACTIF PAR LUI-MÊME, CET ÊTRE ENFIN, QUEL QU'IL SOIT, QUI M'EUT L'UNIVERS ETAMP; ORDONNE TOUTES CHOSES, JE L'APPELLE DIEU. JE JOINS À CE NOM LES IDÉES D'INTELLIGENCE, DE PUISSANCE, DE VOLONTÉ, QUE J'AI RASSEMBLÉES, ETAMP; CELLE DE BONTÉ QUI EN EST UNE SUITE NÉCESSAIRE; MAIS JE N'EN CONNAIS PAS MIEUX L'ÊTRE AUQUEL JE L'AI DONNÉ; IL SE DÉROBE ÉGALEMENT À MES SENS ETAMP; À MON ENTENDEMENT; PLUS J'Y PENSE, PLUS JE ME CONFONDS; JE SAIS TRÈS CERTAINEMENT QU'IL EXISTE, ETAMP; QU'IL EXISTE PAR LUI-MÊME: JE SAIS QUE MON EXISTENCE EST SUBORDONNÉE À LA SIENNE, ETAMP; QUE TOUTES LES CHOSES QUI ME SONT CONNUES SONT ABSOLUMENT DANS LE MÊME CAS. J'APERÇOIS DIEU PARTOUT DANS SES ŒUVRES; JE LE SENS EN MOI, JE LE VOIS TOUT AUTOUR DE MOI; MAIS SITÔT QUE JE VEUX LE CONTEMPLER EN LUI-MÊME, SITÔT QUE JE VEUX CHERCHER OÙ IL EST, CE QU'IL EST, QUELLE EST SA SUBSTANCE, IL M'ÉCHAPPE ETAMP; MON ESPRIT TROUBLÉ N'APERÇOIT PLUS RIEN. 
PÉNÉTRÉ DE MON INSUFFISANCE, JE NE RAISONNERAI JAMAIS SUR LA NATURE DE DIEU, QUE JE N'Y SOIS FORCÉ PAR LE SENTIMENT DE SES RAPPORTS AVEC MOI. CES RAISONNEMENTS SONT TOUJOURS TÉMÉRAIRES, UN HOMME SAGE NE DOIT S'Y LIVRER QU'EN TREMBLANT, ETAMP; SÛR QU'IL N'EST PAS FAIT POUR LES APPROFONDIR: CAR CE QU'IL Y A DE PLUS INJURIEUX À LA DIVINITÉ N'EST PAS DE N'Y POINT PENSER, MAIS D'EN MAL PENSER. 
APRÈS AVOIR DÉCOUVERT CEUX DE SES ATTRIBUTS PAR LESQUELS LE CONÇOIS MON EXISTENCE, JE REVIENS À MOI, ETAMP; JE CHERCHE QUEL RANG J'OCCUPE DANS L'ORDRE DES CHOSES QU'ELLE GOUVERNE, QUE JE PUIS EXAMINER. JE ME TROUVE INCONTESTABLEMENT AU PREMIER PAR MON ESPÈCE; CAR, PAR MA VOLONTÉ ETAMP; PAR LES INSTRUMENTS QUI SONT EN MON POUVOIR POUR L'EXÉCUTER, J'AI PLUS DE FORCE POUR AGIR SUR TOUS LES CORPS QUI M'ENVIRONNENT, OU POUR ME PRÊTER OU ME DÉROBER COMME IL ME PLAÎT À LEUR ACTION, QU'AUCUN D'EUX N'EN A POUR AGIR SUR MOI MALGRÉ MOI PAR LA SEULE IMPULSION PHYSIQUE; ETAMP;, PAR MON INTELLIGENCE, JE SUIS LE SEUL QUI AIT INSPECTION SUR LE TOUT. QUEL ÊTRE ICI-BAS, HORS L'HOMME, SAIT OBSERVER TOUS LES AUTRES, MESURER, CALCULER, PRÉVOIR LEURS MOUVEMENTS, LEURS EFFETS, ETAMP; JOINDRE, POUR AINSI DIRE, LE SENTIMENT DE L'EXISTENCE COMMUNE À CELUI DE SON EXISTENCE INDIVIDUELLE? QU'Y A-T-IL DE SI RIDICULE À PENSER QUE TOUT EST FAIT POUR MOI, SI LE SUIS LE SEUL QUI SACHE TOUT RAPPORTER À LUI? 
IL EST DONC VRAI QUE L'HOMME EST LE ROI DE LA TERRE qu'il habite; car non seuleme","(41587, 41673)","(705982, 750498)"
Rousseau_Emile_1, de la terre de Madame De V). APRÈS AVOIR VU CE QU'IL Y A DE PLUS curieux dans le parc qui est ,"ou trois principales langues; APRÈS Y AVOIR VU CE QU'IL Y A DE VRAIMENT curieux, soit en histoire nat","(179257, 179292)","(705982, 750498)"
Rousseau_Julie_0,"ignez sourire avec tendresse. LE CIEL A MIS UNE CONFORMITÉ SECRÈTE ENTRE NOS AFFECTIONS, et nous étions destinés à ép","se me flatter quelquefois que LE CIEL A MIS UNE CONFORMITÉ SECRÈTE ENTRE NOS AFFECTIONS, ainsi qu’entre nos goûts et ","(32574, 32631)","(3259, 3316)"
Rousseau_Julie_1," de votre âme le sentiment du BONHEUR ET DE PAIX QUI RÈGNE AU FOND DE LA MIENNE! Vous vous dites heureux, et ",ans votre âme le sentiment de BONHEUR ET DE PAIX QUI RÈGNE AU FOND DE LA MIENNE! Que ne puis-je vous apprendr,"(70743, 70792)","(3259, 3316)"
Rousseau_Julie_2, conviennent et se préfèrent; CETTE UNION PARFAITE QUI JOINT À TOUTE L'ÉNERGIE DE L'AMITIÉ DES LIENS beaucoup plus forts et plus d,que la seule amitié auprès de CETTE UNION PARFAITE QUI JOINT À TOUTE L’ÉNERGIE DE L’AMITIÉ DES LIENS cent fois plus sacrés? Où son,"(268311, 268381)","(3259, 3316)"
Rousseau_Julie_3,"elle m'était chère encore, j'éTAIS ÉMU, MAIS MA CONSCIENCE ET MES SENS ÉTAIENT TRANQUILLES. L'amour était toujours dans "," vous m’étiez cher, mon cœur éTAIT ÉMU, MAIS MA CONSCIENCE, ET MES SENS ÉTAIENT TRANQUILLES; et je connus des ce moment q","(315953, 316013)","(3259, 3316)"
Rousseau_Julie_4,"ant tout ce temps, elle n'ait PAS ENVOYÉ UNE SEULE FOIS SAVOIR DE MES NOUVELLES, ce souvenir-là pèse continue","vant de me venir voir, il n’a PAS ENVOYÉ UNE SEULE FOIS SAVOIR DE MES NOUVELLES. A la promenade il n’affecte ","(368209, 368258)","(3259, 3316)"
Sade_Aline_0,"outer l'aimable espérance qui SE FAIT ENTENDRE AU FOND DE MON CŒUR, et de regarder comme un don ",oint…. Je ne sais quelle voix SE FAIT ENTENDRE AU FOND DE MON CŒUR…. Je ne sais quel organe secr,"(12781, 12817)","(12229, 12265)"
Segur_Correspondance_0,"s une sorte de langueur, dont IL N'EST PAS EN MON POUVOIR DE LA faire sortir. Au commencement","ns sentir qu'elle pourra; car IL N'EST PAS EN MON POUVOIR DE LA gâter, en la flattant de sott","(145110, 145143)","(63785, 63818)"
Senac_Emigre_0,"ille; les métaux se cherchent DANS LES ENTRAILLES DE LA TERRE, ET se joignent après une marche ","'offre des métaux à demi-forméS DANS LES ENTRAILLES DE LA TERRE, et quelques changement success","(39970, 40005)","(435033, 435068)"
Senac_Emigre_1,re et son fusil de l'autre. C'EST POUR MOI UN TRÈS-GRAND PLAISIR DE traverser un petit hameau à l,"mbat, serait de vous rassurer ! C'EST POUR MOI UN TRÈS-GRAND PLAISIr de reconnaître vos droits, v","(95475, 95512)","(435033, 435068)"
Tiphaigne_Amilec_0,"rnaturel, qui gagne et saisit TOUTES LES PARTIES DE MON CORPS. MES sens, mon âme, mon esprit, mo","de se répandit subitement sur TOUTES LES PARTIES DE MON CORPS, MES paupiéres affoiblics se fermè","(258192, 258228)","(1830, 1866)"
